
random_16
---------------

Highest entropy short strings of 16 random bytes.

.. raw:: html

    <style>
        .wy-nav-content {
            max-width: unset;
        }
    </style>
    <div id="19982ee8150711f1b8339843faef6712"></div>
    <script type="text/javascript">
        Plotly.newPlot(document.getElementById('19982ee8150711f1b8339843faef6712'), [{"x":[1,1,1,1,1,2,2,2,2,2,3,3,3,5,5,7,10,13,19,26,37,51,71,100,138,193,268,372,517,719,1000,1389,1930,2682,3727,5179,7196,10000,13894,19306,26826,37275,51794,71968,100000,138949,193069,268269,372759,517947,719685,1000000,1389495,1930697,2682695,3727593,5179474,7196856,10000000],"y":[4.231e-05,4.113e-05,4.08e-05,4.09e-05,3.967e-05,5.542e-05,2.363e-05,1.994e-05,1.93e-05,1.934e-05,2.146e-05,1.887e-05,1.534e-05,6.438e-06,5.366e-06,5.589e-06,3.226e-06,2.518e-06,1.855e-06,1.201e-06,9.638e-07,6.745e-07,5.867e-07,3.52e-07,2.575e-07,2.1e-07,1.455e-07,1.207e-07,8.682e-08,8.55e-08,5.609e-08,5.349e-08,4.841e-08,6.027e-08,3.887e-08,3.069e-08,3.305e-08,2.878e-08,2.83e-08,2.883e-08,3.18e-08,2.723e-08,2.724e-08,3.013e-08,3.556e-08,3.89e-08,3.898e-08,3.882e-08,4.771e-08,4.368e-08,6.008e-08,7.516e-08,8.473e-08,9.168e-08,9.776e-08,9.989e-08,1.041e-07,1.042e-07,1.052e-07],"name":"hirola x1.25","type":"scatter","mode":"markers+lines","marker":{"size":4},"line":{"shape":"spline"}},{"x":[1,1,1,1,1,2,2,2,2,2,3,3,3,5,5,7,10,13,19,26,37,51,71,100,138,193,268,372,517,719,1000,1389,1930,2682,3727,5179,7196,10000,13894,19306,26826,37275,51794,71968,100000,138949,193069,268269,372759,517947,719685,1000000,1389495,1930697,2682695,3727593,5179474,7196856,10000000],"y":[4.671e-05,4.071e-05,3.988e-05,4.075e-05,3.937e-05,1.377e-05,1.101e-05,1.001e-05,9.677e-06,9.788e-06,8.935e-06,7.201e-06,6.981e-06,4.809e-06,4.535e-06,3.457e-06,2.313e-06,2.011e-06,1.243e-06,8.904e-07,7.206e-07,4.698e-07,3.695e-07,2.509e-07,1.848e-07,1.451e-07,1.154e-07,8.747e-08,6.645e-08,6.467e-08,4.34e-08,4.326e-08,3.687e-08,3.212e-08,3.115e-08,2.568e-08,2.671e-08,2.415e-08,2.439e-08,2.752e-08,2.666e-08,2.28e-08,2.292e-08,2.697e-08,2.741e-08,2.482e-08,2.736e-08,2.909e-08,3.172e-08,3.776e-08,5.175e-08,5.936e-08,6.757e-08,7.34e-08,7.771e-08,7.959e-08,8.021e-08,8.196e-08,8.326e-08],"name":"hirola x1.5","type":"scatter","mode":"markers+lines","marker":{"size":4},"line":{"shape":"spline"}},{"x":[1,1,1,1,1,2,2,2,2,2,3,3,3,5,5,7,10,13,19,26,37,51,71,100,138,193,268,372,517,719,1000,1389,1930,2682,3727,5179,7196,10000,13894,19306,26826,37275,51794,71968,100000,138949,193069,268269,372759,517947,719685,1000000,1389495,1930697,2682695,3727593,5179474,7196856,10000000],"y":[1.71e-05,2.009e-05,1.774e-05,1.742e-05,1.692e-05,1.15e-05,1.023e-05,9.92e-06,9.941e-06,9.674e-06,8.025e-06,7.288e-06,7.316e-06,3.91e-06,3.825e-06,4.266e-06,2.112e-06,1.922e-06,1.296e-06,8.453e-07,5.981e-07,4.348e-07,3.245e-07,2.359e-07,1.76e-07,1.27e-07,9.968e-08,7.568e-08,5.934e-08,5.631e-08,3.768e-08,3.695e-08,3.089e-08,2.604e-08,2.517e-08,2.133e-08,2.398e-08,1.892e-08,1.917e-08,2.009e-08,2.184e-08,1.812e-08,1.891e-08,2.025e-08,1.977e-08,2.028e-08,2.666e-08,2.504e-08,3.201e-08,3.887e-08,4.496e-08,5.209e-08,5.45e-08,5.648e-08,5.825e-08,5.978e-08,6.083e-08,6.172e-08,6.221e-08],"name":"hirola x2.5","type":"scatter","mode":"markers+lines","marker":{"size":4},"line":{"shape":"spline"}},{"x":[1,1,1,1,1,2,2,2,2,2,3,3,3,5,5,7,10,13,19,26,37,51,71,100,138,193,268,372,517,719,1000,1389,1930,2682,3727,5179,7196,10000,13894,19306,26826,37275,51794,71968,100000,138949,193069,268269,372759,517947,719685,1000000,1389495,1930697,2682695,3727593,5179474,7196856,10000000],"y":[1.76e-05,1.793e-05,1.825e-05,1.822e-05,1.804e-05,1.479e-05,1.082e-05,1.158e-05,1.002e-05,9.569e-06,9.786e-06,7.315e-06,6.555e-06,4.234e-06,3.697e-06,3.411e-06,2.485e-06,1.732e-06,1.429e-06,8.09e-07,5.812e-07,4.181e-07,3.27e-07,2.614e-07,1.934e-07,1.377e-07,1.026e-07,8.121e-08,6.059e-08,6.788e-08,3.874e-08,3.539e-08,2.945e-08,3.515e-08,2.265e-08,1.974e-08,3.522e-08,2.602e-08,2.537e-08,2.515e-08,3.008e-08,2.504e-08,2.633e-08,3.29e-08,2.862e-08,3.197e-08,3.22e-08,3.954e-08,4.116e-08,4.567e-08,4.776e-08,5.015e-08,5.161e-08,5.333e-08,5.419e-08,5.451e-08,5.511e-08,5.589e-08,8.326e-08],"name":"hirola x5","type":"scatter","mode":"markers+lines","marker":{"size":4},"line":{"shape":"spline"}},{"x":[1,1,1,1,1,2,2,2,2,2,3,3,3,5,5,7,10,13,19,26,37,51,71,100,138,193,268,372,517,719,1000,1389,1930,2682,3727,5179,7196,10000,13894,19306,26826,37275,51794,71968,100000,138949,193069,268269,372759,517947,719685,1000000,1389495,1930697,2682695,3727593,5179474,7196856],"y":[1.125e-06,1.07e-06,9.73e-07,1.064e-06,1.098e-06,1.146e-06,8.27e-07,5.875e-07,5.445e-07,5.435e-07,7.21e-07,5.08e-07,4.247e-07,4.416e-07,3.332e-07,3.2e-07,2.459e-07,1.881e-07,1.745e-07,1.353e-07,9.654e-08,7.925e-08,7.076e-08,7.243e-08,5.942e-08,5.018e-08,4.429e-08,5.593e-08,5.346e-08,4.839e-08,3.865e-08,8.238e-08,5.922e-08,4.924e-08,4.276e-08,7.03e-08,5.135e-08,4.853e-08,3.965e-08,3.773e-08,6.228e-08,5.727e-08,4.348e-08,4.537e-08,5.68e-08,5.64e-08,7.417e-08,7.136e-08,8.751e-08,8.454e-08,1.051e-07,1.054e-07,1.266e-07,1.245e-07,1.455e-07,1.423e-07,1.607e-07,1.552e-07],"name":"set()","type":"scatter","mode":"markers+lines","marker":{"size":4},"line":{"shape":"spline"}},{"x":[1,1,1,1,1,2,2,2,2,2,3,3,3,5,5,7,10,13,19,26,37,51,71,100,138,193,268,372,517,719,1000,1389,1930,2682,3727,5179,7196,10000,13894,19306,26826,37275,51794,71968,100000,138949,193069,268269,372759,517947,719685],"y":[3.416e-06,3.747e-06,3.442e-06,3.452e-06,3.167e-06,1.06e-05,2.693e-06,2.036e-06,1.876e-06,1.869e-06,4.481e-06,1.62e-06,1.414e-06,2.292e-06,1.027e-06,1.568e-06,1.216e-06,1.011e-06,8.771e-07,6.546e-07,5.637e-07,4.814e-07,5.735e-07,4.105e-07,4.388e-07,3.758e-07,3.417e-07,3.327e-07,3.277e-07,3.754e-07,3.278e-07,3.158e-07,3.058e-07,3.671e-07,2.771e-07,2.61e-07,2.857e-07,2.733e-07,3.454e-07,3.27e-07,3.405e-07,3.403e-07,4.126e-07,4.241e-07,6.749e-07,7.615e-07,1.138e-06,1.178e-06,1.588e-06,1.506e-06,1.542e-06],"name":"numpy.unique()","type":"scatter","mode":"markers+lines","marker":{"size":4},"line":{"shape":"spline"}},{"x":[1,1,1,1,1,2,2,2,2,2,3,3,3,5,5,7,10,13,19,26,37,51,71,100,138,193,268,372,517,719,1000,1389,1930,2682,3727,5179,7196,10000,13894,19306,26826,37275,51794,71968,100000,138949,193069,268269,372759,517947,719685,1000000,1389495,1930697,2682695,3727593],"y":[1.029e-05,1.018e-05,1.016e-05,1.06e-05,1.423e-05,2.035e-05,8.408e-06,6.422e-06,5.836e-06,5.794e-06,8.883e-06,4.358e-06,3.696e-06,5.355e-06,2.547e-06,3.109e-06,2.186e-06,1.791e-06,1.304e-06,7.755e-07,6.893e-07,4.637e-07,3.476e-07,2.522e-07,1.911e-07,1.857e-07,1.41e-07,1.088e-07,9.654e-08,1.079e-07,9.577e-08,7.682e-08,8.318e-08,7.371e-08,6.564e-08,6.473e-08,7.449e-08,7.932e-08,6.588e-08,6.9e-08,7.523e-08,8.686e-08,7.298e-08,8.592e-08,8.349e-08,9.349e-08,9.699e-08,1.081e-07,1.153e-07,1.305e-07,1.677e-07,1.918e-07,2.234e-07,2.635e-07,2.685e-07,2.861e-07],"name":"numpy.unique(return_indices=True)","type":"scatter","mode":"markers+lines","marker":{"size":4},"line":{"shape":"spline"}},{"x":[1,1,1,1,1,2,2,2,2,2,3,3,3,5,5,7,10,13,19,26,37,51,71,100,138,193,268,372,517,719,1000,1389,1930,2682,3727,5179,7196,10000,13894,19306,26826,37275,51794,71968,100000,138949,193069,268269,372759,517947,719685,1000000,1389495,1930697,2682695,3727593],"y":[2.711e-05,2.565e-05,2.542e-05,2.488e-05,2.457e-05,2.927e-05,1.786e-05,1.345e-05,1.269e-05,1.191e-05,1.502e-05,1.079e-05,9.533e-06,8.327e-06,5.584e-06,5.29e-06,3.861e-06,2.793e-06,2.185e-06,1.468e-06,1.034e-06,8.569e-07,5.888e-07,4.393e-07,3.335e-07,2.854e-07,2.27e-07,1.907e-07,1.592e-07,1.601e-07,1.41e-07,1.225e-07,1.314e-07,1.327e-07,1.145e-07,1.157e-07,1.26e-07,1.228e-07,1.237e-07,1.467e-07,1.42e-07,1.486e-07,1.437e-07,1.495e-07,1.575e-07,1.621e-07,1.616e-07,1.701e-07,1.721e-07,1.824e-07,1.915e-07,2.099e-07,2.345e-07,2.5e-07,2.713e-07,2.891e-07],"name":"numpy_indexed.unique()","type":"scatter","mode":"markers+lines","marker":{"size":4},"line":{"shape":"spline"}},{"x":[1,1,1,1,1,2,2,2,2,2,3,3,3,5,5,7,10,13,19,26,37,51,71,100,138,193,268,372,517,719,1000,1389,1930,2682,3727,5179,7196,10000,13894,19306,26826,37275,51794,71968,100000,138949,193069,268269,372759,517947,719685,1000000,1389495,1930697],"y":[0.0001134,0.0001201,0.0001391,0.0001423,9.954e-05,8.459e-05,5.827e-05,4.937e-05,4.751e-05,4.849e-05,4.783e-05,3.525e-05,3.243e-05,2.581e-05,2.095e-05,1.771e-05,1.217e-05,9.434e-06,6.931e-06,5.001e-06,3.758e-06,3.024e-06,2.117e-06,1.492e-06,1.313e-06,9.433e-07,7.583e-07,6.621e-07,5.218e-07,5.187e-07,4.426e-07,4.238e-07,3.983e-07,3.668e-07,3.209e-07,3.533e-07,3.508e-07,3.413e-07,3.298e-07,3.85e-07,3.311e-07,3.442e-07,3.44e-07,3.598e-07,3.957e-07,4.026e-07,4.565e-07,4.618e-07,5.323e-07,5.088e-07,6.006e-07,5.687e-07,6.606e-07,9.038e-07],"name":"pandas.Categorical()","type":"scatter","mode":"markers+lines","marker":{"size":4},"line":{"shape":"spline"}}], {"xaxis":{"title":{"text":"Number of keys"},"type":"log"},"yaxis":{"title":{"text":"Time per key (seconds)"},"type":"log"},"height":600});
    </script>

random_128
---------------

Highest entropy long strings of 128 random bytes.

.. raw:: html

    <style>
        .wy-nav-content {
            max-width: unset;
        }
    </style>
    <div id="24770154150711f1a79b9843faef6712"></div>
    <script type="text/javascript">
        Plotly.newPlot(document.getElementById('24770154150711f1a79b9843faef6712'), [{"x":[1,1,1,1,1,2,2,2,2,2,3,3,3,5,5,7,10,13,19,26,37,51,71,100,138,193,268,372,517,719,1000,1389,1930,2682,3727,5179,7196,10000,13894,19306,26826,37275,51794,71968,100000,138949,193069,268269,372759,517947,719685,1000000,1389495],"y":[4.231e-05,5.261e-05,4.279e-05,4.804e-05,4.841e-05,5.659e-05,3.369e-05,2.02e-05,1.857e-05,1.826e-05,2.057e-05,1.444e-05,1.297e-05,7.054e-06,4.848e-06,6.121e-06,3.474e-06,2.658e-06,1.975e-06,1.244e-06,9.921e-07,8.413e-07,6.123e-07,4.114e-07,2.987e-07,2.238e-07,1.906e-07,1.852e-07,1.646e-07,1.359e-07,1.047e-07,7.606e-08,8.855e-08,6.872e-08,6.471e-08,5.815e-08,5.688e-08,5.427e-08,5.909e-08,7.039e-08,7.387e-08,6.786e-08,7.532e-08,7.046e-08,7.873e-08,8.369e-08,9.581e-08,1.04e-07,1.186e-07,1.303e-07,1.379e-07,1.603e-07,1.65e-07],"name":"hirola x1.25","type":"scatter","mode":"markers+lines","marker":{"size":4},"line":{"shape":"spline"}},{"x":[1,1,1,1,1,2,2,2,2,2,3,3,3,5,5,7,10,13,19,26,37,51,71,100,138,193,268,372,517,719,1000,1389,1930,2682,3727,5179,7196,10000,13894,19306,26826,37275,51794,71968,100000,138949,193069,268269,372759,517947,719685,1000000,1389495],"y":[4.896e-05,4.841e-05,4.809e-05,4.843e-05,4.816e-05,1.569e-05,1.16e-05,1.024e-05,9.831e-06,9.805e-06,8.706e-06,7.353e-06,7.02e-06,4.846e-06,4.317e-06,3.912e-06,2.54e-06,2.001e-06,1.298e-06,9.071e-07,6.5e-07,4.964e-07,3.856e-07,3.141e-07,2.183e-07,1.694e-07,1.355e-07,1.437e-07,1.218e-07,8.854e-08,7.779e-08,6.216e-08,8.201e-08,5.635e-08,5.216e-08,4.857e-08,4.776e-08,4.844e-08,5.203e-08,6.342e-08,5.252e-08,5.839e-08,5.763e-08,6.09e-08,6.619e-08,6.929e-08,7.748e-08,9.966e-08,1.111e-07,1.185e-07,1.328e-07,1.426e-07,1.515e-07],"name":"hirola x1.5","type":"scatter","mode":"markers+lines","marker":{"size":4},"line":{"shape":"spline"}},{"x":[1,1,1,1,1,2,2,2,2,2,3,3,3,5,5,7,10,13,19,26,37,51,71,100,138,193,268,372,517,719,1000,1389,1930,2682,3727,5179,7196,10000,13894,19306,26826,37275,51794,71968,100000,138949,193069,268269,372759,517947,719685,1000000,1389495],"y":[1.923e-05,2.204e-05,2.715e-05,2.083e-05,1.934e-05,1.179e-05,1.04e-05,1.011e-05,9.765e-06,9.552e-06,9.221e-06,1.038e-05,6.846e-06,4.695e-06,5.535e-06,3.739e-06,2.385e-06,1.841e-06,1.22e-06,8.505e-07,6.015e-07,4.552e-07,3.441e-07,2.802e-07,1.998e-07,1.524e-07,1.19e-07,1.449e-07,9.87e-08,8.56e-08,6.712e-08,5.463e-08,6.851e-08,4.697e-08,4.626e-08,4.921e-08,4.506e-08,4.311e-08,5.499e-08,5.611e-08,4.94e-08,5.503e-08,5.62e-08,5.409e-08,6.899e-08,8.27e-08,9.561e-08,1.039e-07,1.168e-07,1.26e-07,1.318e-07,1.379e-07,1.45e-07],"name":"hirola x2.5","type":"scatter","mode":"markers+lines","marker":{"size":4},"line":{"shape":"spline"}},{"x":[1,1,1,1,1,2,2,2,2,2,3,3,3,5,5,7,10,13,19,26,37,51,71,100,138,193,268,372,517,719,1000,1389,1930,2682,3727,5179,7196,10000,13894,19306,26826,37275,51794,71968,100000,138949,193069,268269,372759,517947,719685,1000000,1389495],"y":[1.932e-05,2.644e-05,1.937e-05,1.921e-05,1.898e-05,1.171e-05,1.044e-05,1.179e-05,1.014e-05,9.699e-06,8.107e-06,7.013e-06,6.567e-06,6.04e-06,4.374e-06,4.599e-06,2.331e-06,1.864e-06,1.173e-06,8.343e-07,6.845e-07,4.995e-07,3.449e-07,2.964e-07,2.292e-07,1.595e-07,1.128e-07,1.59e-07,1.039e-07,9.785e-08,1.221e-07,1.051e-07,5.44e-08,8.342e-08,4.469e-08,8.042e-08,7.897e-08,8.019e-08,9.773e-08,7.897e-08,7.763e-08,8.083e-08,8.716e-08,8.763e-08,9.436e-08,1.015e-07,1.064e-07,1.177e-07,1.239e-07,1.273e-07,1.328e-07,1.363e-07,1.377e-07],"name":"hirola x5","type":"scatter","mode":"markers+lines","marker":{"size":4},"line":{"shape":"spline"}},{"x":[1,1,1,1,1,2,2,2,2,2,3,3,3,5,5,7,10,13,19,26,37,51,71,100,138,193,268,372,517,719,1000,1389,1930,2682,3727,5179,7196,10000,13894,19306,26826,37275,51794,71968,100000,138949,193069,268269,372759,517947,719685,1000000,1389495],"y":[1.076e-06,1.089e-06,1.043e-06,1.137e-06,1.103e-06,1.229e-06,7.33e-07,5.7e-07,5.125e-07,5.015e-07,7.317e-07,4.813e-07,3.993e-07,5.032e-07,3.212e-07,3.557e-07,2.828e-07,2.279e-07,1.937e-07,1.562e-07,1.198e-07,1.018e-07,9.215e-08,9.453e-08,8.522e-08,7.415e-08,7.045e-08,1.024e-07,8.154e-08,7.756e-08,7.309e-08,7.403e-08,7.192e-08,6.509e-08,6.699e-08,7.95e-08,7.412e-08,6.71e-08,7.313e-08,6.647e-08,7.958e-08,7.799e-08,7.699e-08,7.659e-08,8.93e-08,8.277e-08,1.069e-07,9.924e-08,1.142e-07,1.152e-07,1.332e-07,1.333e-07,1.54e-07],"name":"set()","type":"scatter","mode":"markers+lines","marker":{"size":4},"line":{"shape":"spline"}},{"x":[1,1,1,1,1,2,2,2,2,2,3,3,3,5,5,7,10,13,19,26,37,51,71,100,138,193,268,372,517,719,1000,1389,1930,2682,3727,5179,7196,10000,13894,19306,26826,37275,51794,71968,100000],"y":[4.731e-06,4.686e-06,4.715e-06,4.891e-06,4.51e-06,1.701e-05,5.488e-06,4.25e-06,3.845e-06,3.161e-06,7.595e-06,3.621e-06,3.185e-06,5.229e-06,3.252e-06,4.169e-06,3.999e-06,3.404e-06,3.211e-06,2.764e-06,2.82e-06,2.808e-06,2.756e-06,2.718e-06,2.459e-06,2.542e-06,2.238e-06,3.202e-06,2.441e-06,2.723e-06,2.231e-06,2.961e-06,2.701e-06,3.495e-06,3.252e-06,3.156e-06,3.758e-06,3.83e-06,5.479e-06,6.432e-06,9.182e-06,9.489e-06,1.219e-05,1.195e-05,1.475e-05],"name":"numpy.unique()","type":"scatter","mode":"markers+lines","marker":{"size":4},"line":{"shape":"spline"}},{"x":[1,1,1,1,1,2,2,2,2,2,3,3,3,5,5,7,10,13,19,26,37,51,71,100,138,193,268,372,517,719,1000,1389,1930,2682,3727,5179,7196,10000,13894,19306,26826,37275,51794,71968,100000,138949,193069,268269,372759,517947],"y":[1.287e-05,1.764e-05,1.685e-05,1.293e-05,1.268e-05,3.037e-05,8.965e-06,6.819e-06,1.084e-05,6.406e-06,1.058e-05,5.709e-06,4.543e-06,6.786e-06,3.506e-06,3.829e-06,2.69e-06,2.618e-06,1.583e-06,1.314e-06,1.01e-06,1.012e-06,8.037e-07,8.437e-07,6.491e-07,6.348e-07,8.146e-07,5.453e-07,6.334e-07,5.504e-07,5.073e-07,6.782e-07,5.459e-07,6.5e-07,6.055e-07,5.961e-07,6.257e-07,6.67e-07,7.115e-07,7.578e-07,7.997e-07,8.928e-07,9.621e-07,1.115e-06,1.369e-06,1.607e-06,1.815e-06,2.004e-06,2.214e-06,2.505e-06],"name":"numpy.unique(return_indices=True)","type":"scatter","mode":"markers+lines","marker":{"size":4},"line":{"shape":"spline"}},{"x":[1,1,1,1,1,2,2,2,2,2,3,3,3,5,5,7,10,13,19,26,37,51,71,100,138,193,268,372,517,719,1000,1389,1930,2682,3727,5179,7196,10000,13894,19306,26826,37275,51794,71968,100000,138949,193069,268269,372759,517947,719685,1000000,1389495],"y":[2.81e-05,2.655e-05,3.264e-05,2.898e-05,2.688e-05,3.631e-05,1.891e-05,1.575e-05,1.466e-05,1.432e-05,1.704e-05,1.107e-05,9.779e-06,8.891e-06,6.489e-06,6.097e-06,4.633e-06,3.274e-06,2.238e-06,1.616e-06,1.139e-06,9.17e-07,6.731e-07,5.082e-07,3.939e-07,3.015e-07,3.443e-07,2.15e-07,2.519e-07,1.987e-07,1.537e-07,1.634e-07,1.631e-07,1.728e-07,1.461e-07,1.444e-07,1.499e-07,1.701e-07,1.681e-07,1.839e-07,1.762e-07,1.771e-07,1.838e-07,2.235e-07,2.074e-07,2.462e-07,2.457e-07,2.945e-07,3.199e-07,3.403e-07,3.569e-07,3.754e-07,3.943e-07],"name":"numpy_indexed.unique()","type":"scatter","mode":"markers+lines","marker":{"size":4},"line":{"shape":"spline"}},{"x":[1,1,1,1,1,2,2,2,2,2,3,3,3,5,5,7,10,13,19,26,37,51,71,100,138,193,268,372,517,719,1000,1389,1930,2682,3727,5179,7196,10000,13894,19306,26826,37275,51794,71968,100000,138949,193069,268269,372759,517947,719685,1000000,1389495],"y":[0.0001098,0.0001043,0.0001025,0.0001046,0.0001043,0.0001152,6.599e-05,5.695e-05,5.464e-05,5.528e-05,5.225e-05,3.89e-05,3.607e-05,2.883e-05,2.375e-05,2.008e-05,1.363e-05,1.273e-05,7.038e-06,5.315e-06,3.94e-06,2.977e-06,2.113e-06,1.681e-06,1.393e-06,1.009e-06,1.214e-06,8.268e-07,9.394e-07,7.1e-07,5.329e-07,5.985e-07,5.017e-07,5.141e-07,4.586e-07,4.502e-07,4.449e-07,4.743e-07,4.805e-07,5.099e-07,5.27e-07,5.423e-07,5.727e-07,6.011e-07,6.771e-07,6.788e-07,7.64e-07,7.674e-07,8.592e-07,8.282e-07,9.337e-07,8.804e-07,1.084e-06],"name":"pandas.Categorical()","type":"scatter","mode":"markers+lines","marker":{"size":4},"line":{"shape":"spline"}}], {"xaxis":{"title":{"text":"Number of keys"},"type":"log"},"yaxis":{"title":{"text":"Time per key (seconds)"},"type":"log"},"height":600});
    </script>

id_like
---------------

Low entropy pairs of small 32 bit integers.

.. raw:: html

    <style>
        .wy-nav-content {
            max-width: unset;
        }
    </style>
    <div id="3394f150150711f1b9169843faef6712"></div>
    <script type="text/javascript">
        Plotly.newPlot(document.getElementById('3394f150150711f1b9169843faef6712'), [{"x":[1,1,1,1,1,2,2,2,2,2,3,3,3,5,5,7,10,13,19,26,37,51,71,100,138,193,268,372,517,719,1000,1389,1930,2682,3727,5179,7196,10000,13894,19306,26826,37275,51794,71968,100000,138949,193069,268269,372759,517947,719685,1000000,1389495,1930697,2682695,3727593,5179474,7196856,10000000],"y":[5.513e-05,3.874e-05,3.685e-05,3.529e-05,3.661e-05,3.155e-05,1.341e-05,1.122e-05,1.048e-05,1.015e-05,2.481e-05,1.474e-05,1.293e-05,6.343e-06,4.308e-06,5.69e-06,3.914e-06,2.611e-06,1.681e-06,1.237e-06,1.006e-06,6.334e-07,4.573e-07,3.226e-07,2.519e-07,1.921e-07,1.43e-07,1.054e-07,8.608e-08,7.118e-08,8.175e-08,5.147e-08,4.228e-08,4.289e-08,3.425e-08,3.006e-08,3.136e-08,2.944e-08,3.028e-08,2.649e-08,2.751e-08,2.489e-08,2.52e-08,2.508e-08,2.703e-08,2.976e-08,3.072e-08,2.966e-08,3.255e-08,3.342e-08,3.925e-08,5.529e-08,7.022e-08,7.944e-08,8.691e-08,8.993e-08,9.37e-08,9.675e-08,9.854e-08],"name":"hirola x1.25","type":"scatter","mode":"markers+lines","marker":{"size":4},"line":{"shape":"spline"}},{"x":[1,1,1,1,1,2,2,2,2,2,3,3,3,5,5,7,10,13,19,26,37,51,71,100,138,193,268,372,517,719,1000,1389,1930,2682,3727,5179,7196,10000,13894,19306,26826,37275,51794,71968,100000,138949,193069,268269,372759,517947,719685,1000000,1389495,1930697,2682695,3727593,5179474,7196856,10000000],"y":[3.571e-05,4.993e-05,5.079e-05,4.218e-05,5.617e-05,1.246e-05,1.104e-05,1.022e-05,1.013e-05,1.069e-05,8.908e-06,7.466e-06,7.187e-06,4.192e-06,3.816e-06,3.318e-06,2.538e-06,2.204e-06,1.287e-06,8.86e-07,6.299e-07,4.816e-07,3.829e-07,2.502e-07,1.821e-07,1.405e-07,1.11e-07,8.412e-08,6.787e-08,5.37e-08,6.111e-08,4.214e-08,3.508e-08,2.938e-08,2.657e-08,2.452e-08,2.37e-08,2.571e-08,2.432e-08,2.085e-08,2.102e-08,2.302e-08,2.047e-08,2.11e-08,2.393e-08,2.407e-08,2.363e-08,2.337e-08,2.444e-08,3.095e-08,3.669e-08,4.777e-08,5.743e-08,6.402e-08,6.829e-08,7.038e-08,7.351e-08,7.587e-08,7.668e-08],"name":"hirola x1.5","type":"scatter","mode":"markers+lines","marker":{"size":4},"line":{"shape":"spline"}},{"x":[1,1,1,1,1,2,2,2,2,2,3,3,3,5,5,7,10,13,19,26,37,51,71,100,138,193,268,372,517,719,1000,1389,1930,2682,3727,5179,7196,10000,13894,19306,26826,37275,51794,71968,100000,138949,193069,268269,372759,517947,719685,1000000,1389495,1930697,2682695,3727593,5179474,7196856,10000000],"y":[1.993e-05,2.351e-05,2.058e-05,2.04e-05,2.01e-05,1.195e-05,1.105e-05,1.059e-05,1.028e-05,1.907e-05,7.757e-06,7.066e-06,6.822e-06,4.098e-06,3.789e-06,3.404e-06,2.382e-06,2.161e-06,1.253e-06,8.341e-07,5.933e-07,4.356e-07,3.344e-07,2.313e-07,1.798e-07,1.295e-07,9.765e-08,7.507e-08,5.86e-08,4.628e-08,7.268e-08,3.741e-08,3.248e-08,2.412e-08,2.457e-08,1.97e-08,1.917e-08,1.983e-08,1.97e-08,1.723e-08,1.886e-08,1.92e-08,1.634e-08,1.671e-08,1.768e-08,2.609e-08,2.9e-08,2.125e-08,2.9e-08,3.285e-08,3.653e-08,4.245e-08,4.675e-08,4.874e-08,5.041e-08,5.211e-08,5.363e-08,5.46e-08,5.543e-08],"name":"hirola x2.5","type":"scatter","mode":"markers+lines","marker":{"size":4},"line":{"shape":"spline"}},{"x":[1,1,1,1,1,2,2,2,2,2,3,3,3,5,5,7,10,13,19,26,37,51,71,100,138,193,268,372,517,719,1000,1389,1930,2682,3727,5179,7196,10000,13894,19306,26826,37275,51794,71968,100000,138949,193069,268269,372759,517947,719685,1000000,1389495,1930697,2682695,3727593,5179474,7196856,10000000],"y":[1.986e-05,2.068e-05,2.049e-05,2.083e-05,2.01e-05,1.294e-05,1.074e-05,1.204e-05,1.037e-05,1.018e-05,7.829e-06,8.073e-06,6.76e-06,5.122e-06,3.885e-06,4.826e-06,2.393e-06,1.891e-06,1.263e-06,8.293e-07,5.85e-07,4.234e-07,3.283e-07,2.347e-07,1.902e-07,1.402e-07,1.091e-07,8.309e-08,6.081e-08,4.954e-08,8.895e-08,3.996e-08,3.759e-08,2.457e-08,3.258e-08,2.339e-08,2.289e-08,2.09e-08,2.789e-08,2.946e-08,2.118e-08,2.525e-08,2.221e-08,2.486e-08,3.051e-08,2.156e-08,2.421e-08,3.203e-08,3.317e-08,3.744e-08,4.083e-08,4.213e-08,4.432e-08,4.526e-08,4.632e-08,4.689e-08,4.755e-08,4.798e-08,6.11e-08],"name":"hirola x5","type":"scatter","mode":"markers+lines","marker":{"size":4},"line":{"shape":"spline"}},{"x":[1,1,1,1,1,2,2,2,2,2,3,3,3,5,5,7,10,13,19,26,37,51,71,100,138,193,268,372,517,719,1000,1389,1930,2682,3727,5179,7196,10000,13894,19306,26826,37275,51794,71968,100000,138949,193069,268269,372759,517947,719685,1000000,1389495,1930697,2682695,3727593,5179474,7196856],"y":[1.065e-06,1.102e-06,1.058e-06,1.153e-06,1.086e-06,2.167e-06,7.425e-07,6.085e-07,5.46e-07,5.395e-07,6.893e-07,5.3e-07,4.08e-07,4.304e-07,2.97e-07,3.683e-07,2.5e-07,1.828e-07,1.405e-07,1.352e-07,1.004e-07,8.592e-08,6.899e-08,7.101e-08,6.662e-08,4.961e-08,4.299e-08,6.238e-08,4.463e-08,4.099e-08,5.948e-08,7.288e-08,5.461e-08,4.056e-08,4.025e-08,7.679e-08,5.441e-08,4.911e-08,3.748e-08,4.443e-08,8.338e-08,5.291e-08,4.76e-08,4.91e-08,5.985e-08,5.147e-08,7.424e-08,7.209e-08,8.618e-08,8.462e-08,1.027e-07,1.027e-07,1.225e-07,1.222e-07,1.41e-07,1.384e-07,1.566e-07,1.515e-07],"name":"set()","type":"scatter","mode":"markers+lines","marker":{"size":4},"line":{"shape":"spline"}},{"x":[1,1,1,1,1,2,2,2,2,2,3,3,3,5,5,7,10,13,19,26,37,51,71,100,138,193,268,372,517,719,1000,1389,1930,2682,3727,5179,7196,10000,13894,19306,26826,37275,51794,71968,100000,138949,193069,268269,372759,517947,719685,1000000,1389495,1930697,2682695,3727593,5179474,7196856,10000000],"y":[3.249e-06,3.302e-06,3.372e-06,3.516e-06,3.312e-06,1.371e-05,2.157e-06,1.749e-06,1.541e-06,1.478e-06,6.804e-06,1.623e-06,1.275e-06,1.941e-06,8.02e-07,1.657e-06,9.941e-07,7.035e-07,4.716e-07,3.719e-07,2.752e-07,2.254e-07,1.621e-07,1.488e-07,1.347e-07,1.162e-07,1.041e-07,8.354e-08,8.799e-08,6.866e-08,9.562e-08,6.585e-08,6.192e-08,6.416e-08,5.537e-08,5.154e-08,5.001e-08,5.098e-08,4.45e-08,5.108e-08,4.645e-08,4.529e-08,4.583e-08,4.404e-08,4.17e-08,4.273e-08,4.135e-08,4.214e-08,4.157e-08,4.107e-08,4.205e-08,4.145e-08,4.286e-08,4.146e-08,4.295e-08,4.127e-08,4.35e-08,4.268e-08,4.525e-08],"name":"numpy.unique()","type":"scatter","mode":"markers+lines","marker":{"size":4},"line":{"shape":"spline"}},{"x":[1,1,1,1,1,2,2,2,2,2,3,3,3,5,5,7,10,13,19,26,37,51,71,100,138,193,268,372,517,719,1000,1389,1930,2682,3727,5179,7196,10000,13894,19306,26826,37275,51794,71968,100000,138949,193069,268269,372759,517947,719685,1000000,1389495,1930697,2682695,3727593,5179474,7196856,10000000],"y":[1.143e-05,1.103e-05,1.103e-05,1.116e-05,1.109e-05,2.188e-05,7.099e-06,5.466e-06,5.022e-06,4.859e-06,8.819e-06,4.753e-06,3.962e-06,5.738e-06,2.547e-06,3.022e-06,2.513e-06,1.621e-06,1.202e-06,1.038e-06,6.301e-07,4.863e-07,3.658e-07,2.128e-07,1.71e-07,1.271e-07,1.074e-07,8.187e-08,7.074e-08,5.806e-08,6.935e-08,6.823e-08,4.967e-08,4.214e-08,4.277e-08,3.676e-08,3.44e-08,4.037e-08,3.566e-08,4.571e-08,3.944e-08,3.841e-08,4.086e-08,3.721e-08,4.224e-08,3.694e-08,4.047e-08,4.1e-08,4.239e-08,4.214e-08,4.439e-08,4.517e-08,4.662e-08,4.791e-08,4.879e-08,5.049e-08,5.139e-08,5.23e-08,7.178e-08],"name":"numpy.unique(return_indices=True)","type":"scatter","mode":"markers+lines","marker":{"size":4},"line":{"shape":"spline"}},{"x":[1,1,1,1,1,2,2,2,2,2,3,3,3,5,5,7,10,13,19,26,37,51,71,100,138,193,268,372,517,719,1000,1389,1930,2682,3727,5179,7196,10000,13894,19306,26826,37275,51794,71968,100000,138949,193069,268269,372759,517947,719685,1000000,1389495,1930697,2682695,3727593,5179474],"y":[2.733e-05,2.599e-05,3.804e-05,4.804e-05,2.788e-05,3.838e-05,1.674e-05,1.373e-05,1.262e-05,1.278e-05,1.659e-05,1.089e-05,9.648e-06,7.636e-06,5.485e-06,5.786e-06,4.248e-06,2.878e-06,2.015e-06,1.634e-06,1.067e-06,9.657e-07,6.04e-07,4.047e-07,3.016e-07,2.343e-07,1.758e-07,1.323e-07,1.425e-07,1.369e-07,1.199e-07,1.096e-07,9.77e-08,8.689e-08,9.06e-08,9.457e-08,9.336e-08,9.829e-08,9.622e-08,1.143e-07,1.078e-07,1.081e-07,1.108e-07,1.148e-07,1.194e-07,1.266e-07,1.305e-07,1.35e-07,1.401e-07,1.477e-07,1.564e-07,1.6e-07,1.667e-07,1.753e-07,1.875e-07,2.08e-07,2.46e-07],"name":"numpy_indexed.unique()","type":"scatter","mode":"markers+lines","marker":{"size":4},"line":{"shape":"spline"}},{"x":[1,1,1,1,1,2,2,2,2,2,3,3,3,5,5,7,10,13,19,26,37,51,71,100,138,193,268,372,517,719,1000,1389,1930,2682,3727,5179,7196,10000,13894,19306,26826,37275,51794,71968,100000,138949,193069,268269,372759,517947,719685,1000000,1389495,1930697],"y":[0.0001147,0.0001044,0.0001014,0.0001042,0.0001037,0.0001057,6.543e-05,5.56e-05,7.005e-05,5.398e-05,5.312e-05,3.619e-05,3.305e-05,2.393e-05,2.064e-05,1.733e-05,1.331e-05,9.933e-06,6.933e-06,5.242e-06,3.395e-06,2.975e-06,1.95e-06,1.505e-06,1.085e-06,9.971e-07,6.669e-07,6.002e-07,5.095e-07,4.519e-07,4.321e-07,4.001e-07,4.236e-07,3.379e-07,2.999e-07,2.962e-07,2.88e-07,3.106e-07,2.859e-07,3.218e-07,3.056e-07,3.156e-07,3.271e-07,3.365e-07,3.635e-07,3.644e-07,3.976e-07,4.08e-07,4.653e-07,4.6e-07,5.252e-07,4.831e-07,5.565e-07,7.757e-07],"name":"pandas.Categorical()","type":"scatter","mode":"markers+lines","marker":{"size":4},"line":{"shape":"spline"}}], {"xaxis":{"title":{"text":"Number of keys"},"type":"log"},"yaxis":{"title":{"text":"Time per key (seconds)"},"type":"log"},"height":600});
    </script>

permutative
---------------

Lowest entropy all possible pairs of integers from ``(0, 0)`` to ``(sqrt(n), sqrt(n))``.

.. raw:: html

    <style>
        .wy-nav-content {
            max-width: unset;
        }
    </style>
    <div id="40d7cd7e150711f191f49843faef6712"></div>
    <script type="text/javascript">
        Plotly.newPlot(document.getElementById('40d7cd7e150711f191f49843faef6712'), [{"x":[1,1,1,1,1,2,2,2,2,2,3,3,3,5,5,7,10,13,19,26,37,51,71,100,138,193,268,372,517,719,1000,1389,1930,2682,3727,5179,7196,10000,13894,19306,26826,37275,51794,71968,100000,138949,193069,268269,372759,517947,719685,1000000,1389495,1930697,2682695,3727593,5179474,7196856,10000000],"y":[5.08e-05,4.914e-05,5.77e-05,5.054e-05,4.581e-05,5.286e-05,2.511e-05,2.162e-05,2.063e-05,2.04e-05,2.349e-05,1.632e-05,1.383e-05,8.188e-06,5.077e-06,5.504e-06,3.494e-06,2.886e-06,1.761e-06,1.222e-06,1.025e-06,6.529e-07,5.089e-07,3.252e-07,2.422e-07,2.08e-07,1.48e-07,1.079e-07,8.163e-08,7.121e-08,5.464e-08,4.914e-08,4.129e-08,3.641e-08,3.531e-08,3.261e-08,2.797e-08,2.516e-08,2.673e-08,2.415e-08,2.603e-08,2.42e-08,2.33e-08,2.461e-08,3.152e-08,3.539e-08,3.551e-08,3.83e-08,3.664e-08,3.61e-08,4.084e-08,5.361e-08,6.628e-08,7.595e-08,7.865e-08,8.46e-08,8.76e-08,9.041e-08,9.078e-08],"name":"hirola x1.25","type":"scatter","mode":"markers+lines","marker":{"size":4},"line":{"shape":"spline"}},{"x":[1,1,1,1,1,2,2,2,2,2,3,3,3,5,5,7,10,13,19,26,37,51,71,100,138,193,268,372,517,719,1000,1389,1930,2682,3727,5179,7196,10000,13894,19306,26826,37275,51794,71968,100000,138949,193069,268269,372759,517947,719685,1000000,1389495,1930697,2682695,3727593,5179474,7196856,10000000],"y":[4.459e-05,4.367e-05,4.376e-05,4.367e-05,4.682e-05,1.37e-05,1.108e-05,1.02e-05,9.702e-06,9.867e-06,9.105e-06,7.462e-06,6.905e-06,5.485e-06,4.313e-06,3.348e-06,2.327e-06,1.901e-06,1.308e-06,8.715e-07,6.691e-07,4.814e-07,3.873e-07,2.478e-07,1.827e-07,1.52e-07,1.158e-07,8.351e-08,6.096e-08,5.324e-08,4.228e-08,3.755e-08,3.047e-08,3.145e-08,2.575e-08,2.452e-08,2.172e-08,2.056e-08,2.085e-08,2.024e-08,2.146e-08,1.99e-08,2.022e-08,2.01e-08,2.319e-08,2.131e-08,2.118e-08,2.217e-08,2.319e-08,2.684e-08,3.508e-08,4.528e-08,5.436e-08,6.18e-08,6.355e-08,6.466e-08,6.862e-08,6.926e-08,6.901e-08],"name":"hirola x1.5","type":"scatter","mode":"markers+lines","marker":{"size":4},"line":{"shape":"spline"}},{"x":[1,1,1,1,1,2,2,2,2,2,3,3,3,5,5,7,10,13,19,26,37,51,71,100,138,193,268,372,517,719,1000,1389,1930,2682,3727,5179,7196,10000,13894,19306,26826,37275,51794,71968,100000,138949,193069,268269,372759,517947,719685,1000000,1389495,1930697,2682695,3727593,5179474,7196856,10000000],"y":[2.146e-05,2.298e-05,2.046e-05,2.008e-05,1.946e-05,1.153e-05,1.036e-05,1.019e-05,1.315e-05,9.807e-06,7.536e-06,6.773e-06,6.419e-06,4.543e-06,4.148e-06,3.152e-06,2.171e-06,1.832e-06,1.331e-06,8.375e-07,5.789e-07,4.375e-07,3.36e-07,2.274e-07,1.789e-07,1.271e-07,9.559e-08,7.442e-08,5.587e-08,4.544e-08,3.534e-08,3.602e-08,2.56e-08,2.454e-08,2.228e-08,2.053e-08,1.679e-08,1.687e-08,1.496e-08,1.618e-08,1.701e-08,1.705e-08,1.578e-08,1.602e-08,1.716e-08,1.795e-08,1.922e-08,2.038e-08,2.145e-08,3.034e-08,3.43e-08,3.988e-08,4.282e-08,4.54e-08,4.853e-08,4.915e-08,5.072e-08,5.076e-08,5.034e-08],"name":"hirola x2.5","type":"scatter","mode":"markers+lines","marker":{"size":4},"line":{"shape":"spline"}},{"x":[1,1,1,1,1,2,2,2,2,2,3,3,3,5,5,7,10,13,19,26,37,51,71,100,138,193,268,372,517,719,1000,1389,1930,2682,3727,5179,7196,10000,13894,19306,26826,37275,51794,71968,100000,138949,193069,268269,372759,517947,719685,1000000,1389495,1930697,2682695,3727593,5179474,7196856,10000000],"y":[1.949e-05,1.91e-05,1.937e-05,1.978e-05,1.987e-05,1.194e-05,1.041e-05,1.169e-05,1.042e-05,9.659e-06,7.882e-06,6.967e-06,6.662e-06,5.038e-06,3.755e-06,4.358e-06,2.104e-06,1.957e-06,1.277e-06,8.44e-07,5.889e-07,4.541e-07,3.272e-07,2.331e-07,1.949e-07,1.399e-07,1.032e-07,8.444e-08,6.131e-08,4.653e-08,4.312e-08,3.453e-08,2.374e-08,2.915e-08,2.297e-08,2.727e-08,1.744e-08,1.424e-08,1.921e-08,1.681e-08,2.043e-08,1.813e-08,1.816e-08,2.311e-08,2.015e-08,2.262e-08,2.657e-08,2.92e-08,3.726e-08,3.726e-08,3.919e-08,4.275e-08,4.198e-08,4.406e-08,4.487e-08,4.533e-08,4.557e-08,4.558e-08,4.505e-08],"name":"hirola x5","type":"scatter","mode":"markers+lines","marker":{"size":4},"line":{"shape":"spline"}},{"x":[1,1,1,1,1,2,2,2,2,2,3,3,3,5,5,7,10,13,19,26,37,51,71,100,138,193,268,372,517,719,1000,1389,1930,2682,3727,5179,7196,10000,13894,19306,26826,37275,51794,71968,100000,138949,193069,268269,372759,517947,719685,1000000,1389495,1930697,2682695,3727593,5179474,7196856],"y":[1.083e-06,1.092e-06,1.245e-06,1.159e-06,1.078e-06,1.238e-06,7.75e-07,5.535e-07,5.39e-07,5.47e-07,7.043e-07,5.087e-07,3.933e-07,4.512e-07,2.88e-07,3.099e-07,2.463e-07,1.92e-07,1.743e-07,1.333e-07,1.009e-07,7.994e-08,6.43e-08,6.963e-08,5.788e-08,4.977e-08,4.421e-08,6.715e-08,4.938e-08,5.327e-08,4.008e-08,7.167e-08,4.89e-08,4.575e-08,4.193e-08,9.156e-08,5.616e-08,4.77e-08,4.628e-08,3.998e-08,7.807e-08,5.776e-08,5.32e-08,4.39e-08,6.374e-08,5.409e-08,7.84e-08,7.122e-08,8.876e-08,8.576e-08,1.051e-07,1.05e-07,1.253e-07,1.24e-07,1.447e-07,1.408e-07,1.599e-07,1.526e-07],"name":"set()","type":"scatter","mode":"markers+lines","marker":{"size":4},"line":{"shape":"spline"}},{"x":[1,1,1,1,1,2,2,2,2,2,3,3,3,5,5,7,10,13,19,26,37,51,71,100,138,193,268,372,517,719,1000,1389,1930,2682,3727,5179,7196,10000,13894,19306,26826,37275,51794,71968,100000,138949,193069,268269,372759,517947,719685,1000000,1389495,1930697,2682695,3727593,5179474,7196856,10000000],"y":[3.477e-06,3.663e-06,3.432e-06,3.48e-06,3.23e-06,1.792e-05,2.576e-06,1.975e-06,1.865e-06,1.807e-06,4.497e-06,1.633e-06,1.309e-06,1.963e-06,8.816e-07,1.353e-06,9.111e-07,6.956e-07,4.463e-07,3.181e-07,2.413e-07,1.687e-07,1.216e-07,9.282e-08,7.349e-08,5.618e-08,4.122e-08,3.122e-08,2.428e-08,2.062e-08,1.737e-08,1.472e-08,1.185e-08,1.077e-08,1.432e-08,1.133e-08,7.115e-09,7.131e-09,7.87e-09,6.429e-09,7.071e-09,6.816e-09,5.795e-09,5.819e-09,6.468e-09,5.897e-09,5.454e-09,5.411e-09,5.302e-09,5.447e-09,5.176e-09,5.021e-09,5.02e-09,4.962e-09,4.946e-09,4.921e-09,5.365e-09,5.324e-09,5.387e-09],"name":"numpy.unique()","type":"scatter","mode":"markers+lines","marker":{"size":4},"line":{"shape":"spline"}},{"x":[1,1,1,1,1,2,2,2,2,2,3,3,3,5,5,7,10,13,19,26,37,51,71,100,138,193,268,372,517,719,1000,1389,1930,2682,3727,5179,7196,10000,13894,19306,26826,37275,51794,71968,100000,138949,193069,268269,372759,517947,719685,1000000,1389495,1930697,2682695,3727593,5179474,7196856,10000000],"y":[1.092e-05,1.074e-05,1.071e-05,1.091e-05,1.063e-05,2.562e-05,8.603e-06,6.854e-06,6.239e-06,6.048e-06,8.283e-06,5.081e-06,4.212e-06,5.204e-06,2.964e-06,3.103e-06,2.507e-06,1.741e-06,1.091e-06,1.163e-06,6.274e-07,4.317e-07,3.806e-07,2.218e-07,1.768e-07,1.778e-07,1.081e-07,8.03e-08,6.506e-08,5.247e-08,4.826e-08,4.326e-08,3.646e-08,3.95e-08,3.949e-08,3.479e-08,2.931e-08,2.79e-08,2.859e-08,2.952e-08,2.915e-08,2.525e-08,2.356e-08,2.399e-08,2.694e-08,2.571e-08,2.816e-08,2.912e-08,2.886e-08,3.038e-08,3.212e-08,3.576e-08,3.47e-08,3.707e-08,3.982e-08,4.2e-08,4.263e-08,4.391e-08,4.885e-08],"name":"numpy.unique(return_indices=True)","type":"scatter","mode":"markers+lines","marker":{"size":4},"line":{"shape":"spline"}},{"x":[1,1,1,1,1,2,2,2,2,2,3,3,3,5,5,7,10,13,19,26,37,51,71,100,138,193,268,372,517,719,1000,1389,1930,2682,3727,5179,7196,10000,13894,19306,26826,37275,51794,71968,100000,138949,193069,268269,372759,517947,719685,1000000,1389495,1930697,2682695,3727593,5179474,7196856],"y":[2.597e-05,2.414e-05,2.403e-05,2.476e-05,2.424e-05,3.447e-05,1.861e-05,1.529e-05,1.46e-05,1.393e-05,1.7e-05,1.152e-05,1.002e-05,8.911e-06,6.363e-06,5.997e-06,4.129e-06,3.067e-06,2.095e-06,1.528e-06,1.096e-06,9.764e-07,5.645e-07,4.013e-07,3.143e-07,2.264e-07,1.676e-07,1.331e-07,1.128e-07,8.495e-08,7.199e-08,6.573e-08,5.707e-08,5.67e-08,5.708e-08,5.434e-08,4.68e-08,4.816e-08,6.19e-08,5.233e-08,5.151e-08,5.711e-08,5.289e-08,8.158e-08,9.358e-08,1.172e-07,1.224e-07,1.228e-07,1.103e-07,1.083e-07,1.142e-07,1.237e-07,1.196e-07,1.245e-07,1.276e-07,1.306e-07,1.369e-07,1.399e-07],"name":"numpy_indexed.unique()","type":"scatter","mode":"markers+lines","marker":{"size":4},"line":{"shape":"spline"}},{"x":[1,1,1,1,1,2,2,2,2,2,3,3,3,5,5,7,10,13,19,26,37,51,71,100,138,193,268,372,517,719,1000,1389,1930,2682,3727,5179,7196,10000,13894,19306,26826,37275,51794,71968,100000,138949,193069,268269,372759,517947,719685,1000000,1389495,1930697],"y":[0.0001017,9.788e-05,9.715e-05,9.622e-05,9.455e-05,0.0001087,6.492e-05,6.267e-05,5.585e-05,5.273e-05,4.867e-05,3.749e-05,4.127e-05,2.504e-05,2.28e-05,1.787e-05,1.27e-05,9.789e-06,6.319e-06,4.73e-06,3.599e-06,2.898e-06,1.956e-06,1.465e-06,1.196e-06,8.972e-07,7.031e-07,5.81e-07,4.736e-07,4.012e-07,3.749e-07,3.275e-07,3.207e-07,3.085e-07,2.905e-07,2.644e-07,2.379e-07,2.502e-07,2.516e-07,2.531e-07,2.456e-07,2.624e-07,2.872e-07,3.177e-07,3.539e-07,3.675e-07,4.042e-07,4.018e-07,4.438e-07,4.23e-07,4.916e-07,4.578e-07,5.252e-07,7.361e-07],"name":"pandas.Categorical()","type":"scatter","mode":"markers+lines","marker":{"size":4},"line":{"shape":"spline"}}], {"xaxis":{"title":{"text":"Number of keys"},"type":"log"},"yaxis":{"title":{"text":"Time per key (seconds)"},"type":"log"},"height":600});
    </script>

floating_32
---------------

High entropy 32-bit triplets of floats from -30 to 30.

.. raw:: html

    <style>
        .wy-nav-content {
            max-width: unset;
        }
    </style>
    <div id="5168cba2150711f1ace69843faef6712"></div>
    <script type="text/javascript">
        Plotly.newPlot(document.getElementById('5168cba2150711f1ace69843faef6712'), [{"x":[1,1,1,1,1,2,2,2,2,2,3,3,3,5,5,7,10,13,19,26,37,51,71,100,138,193,268,372,517,719,1000,1389,1930,2682,3727,5179,7196,10000,13894,19306,26826,37275,51794,71968,100000,138949,193069,268269,372759,517947,719685,1000000,1389495,1930697,2682695,3727593,5179474,7196856,10000000],"y":[3.657e-05,3.763e-05,3.499e-05,3.52e-05,3.705e-05,7.564e-05,3.514e-05,2.176e-05,1.879e-05,1.929e-05,1.988e-05,1.385e-05,1.235e-05,7.031e-06,4.634e-06,6.653e-06,3.623e-06,2.314e-06,1.618e-06,1.348e-06,9.804e-07,7.551e-07,4.415e-07,3.635e-07,2.539e-07,1.941e-07,1.403e-07,1.367e-07,8.596e-08,7.213e-08,7.962e-08,5.267e-08,6.584e-08,4.17e-08,3.554e-08,3.295e-08,3.178e-08,3.384e-08,2.859e-08,2.922e-08,2.95e-08,2.893e-08,3e-08,3.115e-08,3.507e-08,3.517e-08,3.563e-08,3.613e-08,3.817e-08,4.419e-08,5.458e-08,7.097e-08,8.203e-08,8.737e-08,9.714e-08,9.742e-08,1.005e-07,1.039e-07,1.047e-07],"name":"hirola x1.25","type":"scatter","mode":"markers+lines","marker":{"size":4},"line":{"shape":"spline"}},{"x":[1,1,1,1,1,2,2,2,2,2,3,3,3,5,5,7,10,13,19,26,37,51,71,100,138,193,268,372,517,719,1000,1389,1930,2682,3727,5179,7196,10000,13894,19306,26826,37275,51794,71968,100000,138949,193069,268269,372759,517947,719685,1000000,1389495,1930697,2682695,3727593,5179474,7196856,10000000],"y":[3.512e-05,3.449e-05,3.492e-05,3.559e-05,3.459e-05,1.409e-05,1.104e-05,1.029e-05,9.795e-06,9.698e-06,8.685e-06,7.261e-06,6.861e-06,4.68e-06,4.134e-06,3.659e-06,2.25e-06,1.801e-06,1.262e-06,8.7e-07,6.873e-07,5.154e-07,3.379e-07,2.53e-07,1.869e-07,1.434e-07,1.077e-07,1.03e-07,6.849e-08,5.805e-08,5.033e-08,4.145e-08,3.807e-08,4.014e-08,3.074e-08,2.662e-08,2.662e-08,2.642e-08,2.473e-08,2.601e-08,2.384e-08,2.496e-08,2.435e-08,2.829e-08,2.478e-08,2.581e-08,2.615e-08,2.673e-08,2.943e-08,3.557e-08,4.548e-08,5.817e-08,6.694e-08,7.111e-08,7.612e-08,7.74e-08,8.001e-08,8.136e-08,8.266e-08],"name":"hirola x1.5","type":"scatter","mode":"markers+lines","marker":{"size":4},"line":{"shape":"spline"}},{"x":[1,1,1,1,1,2,2,2,2,2,3,3,3,5,5,7,10,13,19,26,37,51,71,100,138,193,268,372,517,719,1000,1389,1930,2682,3727,5179,7196,10000,13894,19306,26826,37275,51794,71968,100000,138949,193069,268269,372759,517947,719685,1000000,1389495,1930697,2682695,3727593,5179474,7196856,10000000],"y":[1.885e-05,2.174e-05,1.995e-05,1.949e-05,1.925e-05,1.276e-05,1.088e-05,1.016e-05,9.905e-06,9.779e-06,7.768e-06,6.92e-06,8.093e-06,4.528e-06,4.116e-06,3.738e-06,2.421e-06,1.845e-06,1.275e-06,7.923e-07,5.807e-07,4.336e-07,3.161e-07,2.299e-07,1.773e-07,1.274e-07,9.587e-08,9.018e-08,5.878e-08,4.925e-08,4.371e-08,3.56e-08,3.091e-08,3.012e-08,2.509e-08,2.372e-08,2.382e-08,2.374e-08,1.934e-08,2.014e-08,2.153e-08,1.903e-08,2.017e-08,2.071e-08,1.976e-08,2.062e-08,2.287e-08,2.274e-08,2.732e-08,3.461e-08,4.232e-08,5.116e-08,5.465e-08,5.617e-08,5.937e-08,5.955e-08,6.041e-08,6.161e-08,6.21e-08],"name":"hirola x2.5","type":"scatter","mode":"markers+lines","marker":{"size":4},"line":{"shape":"spline"}},{"x":[1,1,1,1,1,2,2,2,2,2,3,3,3,5,5,7,10,13,19,26,37,51,71,100,138,193,268,372,517,719,1000,1389,1930,2682,3727,5179,7196,10000,13894,19306,26826,37275,51794,71968,100000,138949,193069,268269,372759,517947,719685,1000000,1389495,1930697,2682695,3727593,5179474,7196856,10000000],"y":[1.874e-05,1.888e-05,1.927e-05,1.918e-05,1.911e-05,1.16e-05,1.04e-05,1.194e-05,9.972e-06,9.381e-06,9.873e-06,7.29e-06,6.595e-06,6.307e-06,4.286e-06,4.075e-06,2.695e-06,1.938e-06,1.254e-06,8.075e-07,5.98e-07,4.266e-07,3.198e-07,3.113e-07,1.878e-07,1.497e-07,1.051e-07,1.007e-07,6.571e-08,5.069e-08,5.208e-08,3.497e-08,4.038e-08,2.636e-08,2.66e-08,1.96e-08,2.147e-08,2.63e-08,2.159e-08,2.801e-08,2.424e-08,1.985e-08,1.962e-08,2.53e-08,2.413e-08,2.324e-08,3.446e-08,3.18e-08,4.053e-08,4.445e-08,4.76e-08,5.025e-08,5.234e-08,5.281e-08,5.41e-08,5.433e-08,5.513e-08,5.51e-08,6.326e-08],"name":"hirola x5","type":"scatter","mode":"markers+lines","marker":{"size":4},"line":{"shape":"spline"}},{"x":[1,1,1,1,1,2,2,2,2,2,3,3,3,5,5,7,10,13,19,26,37,51,71,100,138,193,268,372,517,719,1000,1389,1930,2682,3727,5179,7196,10000,13894,19306,26826,37275,51794,71968,100000,138949,193069,268269,372759,517947,719685,1000000,1389495,1930697,2682695,3727593,5179474,7196856],"y":[1.101e-06,1.091e-06,1.092e-06,1.141e-06,1.203e-06,1.067e-06,7.885e-07,5.635e-07,5.625e-07,5.51e-07,6.783e-07,5.223e-07,3.927e-07,4.968e-07,3.34e-07,3.493e-07,3.937e-07,1.824e-07,1.728e-07,1.319e-07,1.032e-07,7.725e-08,6.404e-08,6.702e-08,6.869e-08,5.056e-08,4.98e-08,7.231e-08,4.9e-08,4.444e-08,4.069e-08,7.18e-08,5.125e-08,4.385e-08,3.979e-08,8.714e-08,5.581e-08,4.597e-08,4.064e-08,4.263e-08,7.705e-08,4.814e-08,5.012e-08,4.278e-08,5.661e-08,5.26e-08,7.599e-08,7.065e-08,8.779e-08,8.448e-08,1.012e-07,1.038e-07,1.235e-07,1.231e-07,1.44e-07,1.403e-07,1.583e-07,1.517e-07],"name":"set()","type":"scatter","mode":"markers+lines","marker":{"size":4},"line":{"shape":"spline"}},{"x":[1,1,1,1,1,2,2,2,2,2,3,3,3,5,5,7,10,13,19,26,37,51,71,100,138,193,268,372,517,719,1000,1389,1930,2682,3727,5179,7196,10000,13894,19306,26826,37275,51794,71968,100000,138949,193069,268269,372759,517947,719685,1000000,1389495,1930697,2682695,3727593,5179474,7196856,10000000],"y":[6.794e-06,6.757e-06,6.778e-06,7.199e-06,6.689e-06,1.164e-05,4.514e-06,3.51e-06,3.336e-06,3.32e-06,5.887e-06,2.789e-06,2.296e-06,7.32e-06,1.821e-06,2.423e-06,1.445e-06,1.051e-06,6.986e-07,7.949e-07,3.799e-07,2.878e-07,1.895e-07,1.861e-07,1.055e-07,1.296e-07,7.255e-08,5.149e-08,4.864e-08,2.837e-08,3.814e-08,2.006e-08,2.774e-08,1.942e-08,2.502e-08,1.451e-08,1.268e-08,1.388e-08,1.192e-08,1.125e-08,1.108e-08,1.119e-08,1.085e-08,1.09e-08,1.147e-08,1.17e-08,1.141e-08,1.212e-08,1.201e-08,1.237e-08,1.355e-08,1.43e-08,1.516e-08,1.593e-08,1.714e-08,1.894e-08,2.138e-08,2.267e-08,2.439e-08],"name":"numpy.unique()","type":"scatter","mode":"markers+lines","marker":{"size":4},"line":{"shape":"spline"}},{"x":[1,1,1,1,1,2,2,2,2,2,3,3,3,5,5,7,10,13,19,26,37,51,71,100,138,193,268,372,517,719,1000,1389,1930,2682,3727,5179,7196,10000,13894,19306,26826,37275,51794,71968,100000,138949,193069,268269,372759,517947,719685,1000000,1389495,1930697,2682695,3727593,5179474],"y":[1.244e-05,1.216e-05,1.205e-05,1.242e-05,1.229e-05,1.579e-05,9.214e-06,6.733e-06,6.286e-06,6.082e-06,8.429e-06,4.956e-06,4.27e-06,4.917e-06,2.926e-06,3.173e-06,1.956e-06,1.515e-06,1.398e-06,8.244e-07,5.298e-07,5.981e-07,3.08e-07,2.425e-07,1.716e-07,1.468e-07,1.327e-07,1.041e-07,8.006e-08,7.587e-08,7.296e-08,6.993e-08,6.327e-08,6.15e-08,7.118e-08,5.72e-08,5.478e-08,5.499e-08,7.262e-08,6.196e-08,6.055e-08,6.916e-08,7.508e-08,6.797e-08,7.001e-08,7.648e-08,7.476e-08,8.258e-08,8.516e-08,9.405e-08,1.101e-07,1.378e-07,1.616e-07,1.675e-07,1.976e-07,2.056e-07,2.218e-07],"name":"numpy.unique(return_indices=True)","type":"scatter","mode":"markers+lines","marker":{"size":4},"line":{"shape":"spline"}},{"x":[1,1,1,1,1,2,2,2,2,2,3,3,3,5,5,7,10,13,19,26,37,51,71,100,138,193,268,372,517,719,1000,1389,1930,2682,3727,5179,7196,10000,13894,19306,26826,37275,51794,71968,100000,138949,193069,268269,372759,517947,719685,1000000,1389495,1930697,2682695,3727593],"y":[2.906e-05,2.804e-05,2.788e-05,2.601e-05,2.572e-05,2.835e-05,1.836e-05,1.509e-05,1.426e-05,1.79e-05,1.615e-05,1.08e-05,9.541e-06,9.06e-06,1.13e-05,6.805e-06,4.114e-06,2.979e-06,2.543e-06,1.483e-06,1.059e-06,9.2e-07,5.947e-07,4.586e-07,3.419e-07,2.76e-07,2.573e-07,2.128e-07,1.918e-07,1.519e-07,1.418e-07,1.505e-07,1.401e-07,1.347e-07,1.448e-07,1.264e-07,1.359e-07,1.471e-07,1.406e-07,1.456e-07,1.531e-07,1.586e-07,1.607e-07,1.71e-07,1.715e-07,1.772e-07,1.92e-07,1.886e-07,1.927e-07,2.097e-07,2.19e-07,2.253e-07,2.537e-07,2.691e-07,2.844e-07,3.2e-07],"name":"numpy_indexed.unique()","type":"scatter","mode":"markers+lines","marker":{"size":4},"line":{"shape":"spline"}},{"x":[1,1,1,1,1,2,2,2,2,2,3,3,3,5,5,7,10,13,19,26,37,51,71,100,138,193,268,372,517,719,1000,1389,1930,2682,3727,5179,7196,10000,13894,19306,26826,37275,51794,71968,100000,138949,193069,268269,372759,517947,719685,1000000,1389495,1930697],"y":[9.517e-05,0.0001011,0.000118,0.0001088,9.141e-05,8.89e-05,6.429e-05,6.122e-05,5.487e-05,5.268e-05,4.841e-05,3.865e-05,3.562e-05,2.8e-05,2.265e-05,2.049e-05,1.222e-05,9.221e-06,6.712e-06,5.411e-06,3.433e-06,2.697e-06,1.988e-06,1.517e-06,1.219e-06,9.025e-07,8.794e-07,6.759e-07,5.394e-07,4.999e-07,4.617e-07,4.883e-07,3.94e-07,4.001e-07,3.551e-07,3.607e-07,3.596e-07,3.654e-07,3.58e-07,3.647e-07,3.688e-07,3.789e-07,3.814e-07,4.027e-07,4.327e-07,4.258e-07,4.67e-07,4.76e-07,5.31e-07,5.179e-07,5.988e-07,5.584e-07,6.49e-07,8.89e-07],"name":"pandas.Categorical()","type":"scatter","mode":"markers+lines","marker":{"size":4},"line":{"shape":"spline"}}], {"xaxis":{"title":{"text":"Number of keys"},"type":"log"},"yaxis":{"title":{"text":"Time per key (seconds)"},"type":"log"},"height":600});
    </script>

floating_64
---------------

Like ``floating_32`` but with 64-bit floats.

.. raw:: html

    <style>
        .wy-nav-content {
            max-width: unset;
        }
    </style>
    <div id="63e91296150711f1a8039843faef6712"></div>
    <script type="text/javascript">
        Plotly.newPlot(document.getElementById('63e91296150711f1a8039843faef6712'), [{"x":[1,1,1,1,1,2,2,2,2,2,3,3,3,5,5,7,10,13,19,26,37,51,71,100,138,193,268,372,517,719,1000,1389,1930,2682,3727,5179,7196,10000,13894,19306,26826,37275,51794,71968,100000,138949,193069,268269,372759,517947,719685,1000000,1389495,1930697,2682695,3727593,5179474,7196856,10000000],"y":[4.538e-05,3.711e-05,4.495e-05,3.627e-05,4.75e-05,7.642e-05,2.332e-05,1.885e-05,2.036e-05,1.797e-05,1.91e-05,1.263e-05,1.121e-05,7.445e-06,4.796e-06,6.423e-06,4.597e-06,3.535e-06,2.099e-06,1.331e-06,8.846e-07,7.268e-07,5.299e-07,3.752e-07,2.562e-07,2.348e-07,1.641e-07,1.148e-07,9.419e-08,7.87e-08,6.191e-08,5.611e-08,5.202e-08,4.592e-08,3.679e-08,3.715e-08,3.395e-08,3.407e-08,3.212e-08,3.366e-08,3.289e-08,3.236e-08,3.268e-08,4.011e-08,4.066e-08,3.936e-08,3.751e-08,4.473e-08,5.027e-08,6.175e-08,7.602e-08,8.504e-08,9.204e-08,9.783e-08,1.026e-07,1.06e-07,1.079e-07,1.105e-07,1.151e-07],"name":"hirola x1.25","type":"scatter","mode":"markers+lines","marker":{"size":4},"line":{"shape":"spline"}},{"x":[1,1,1,1,1,2,2,2,2,2,3,3,3,5,5,7,10,13,19,26,37,51,71,100,138,193,268,372,517,719,1000,1389,1930,2682,3727,5179,7196,10000,13894,19306,26826,37275,51794,71968,100000,138949,193069,268269,372759,517947,719685,1000000,1389495,1930697,2682695,3727593,5179474,7196856,10000000],"y":[3.553e-05,3.429e-05,3.497e-05,3.45e-05,3.413e-05,1.952e-05,1.115e-05,1.034e-05,9.99e-06,9.893e-06,7.947e-06,6.752e-06,6.237e-06,4.712e-06,4.341e-06,3.821e-06,2.555e-06,2.182e-06,1.488e-06,1.048e-06,6.301e-07,4.629e-07,3.88e-07,2.753e-07,1.893e-07,1.654e-07,1.272e-07,9.031e-08,7.271e-08,6.177e-08,5.046e-08,4.622e-08,3.927e-08,3.221e-08,3.009e-08,3.222e-08,2.957e-08,2.736e-08,2.72e-08,2.839e-08,2.863e-08,2.642e-08,2.692e-08,2.823e-08,2.823e-08,2.882e-08,3.08e-08,3.618e-08,3.887e-08,4.945e-08,6.179e-08,6.94e-08,7.476e-08,7.905e-08,8.21e-08,8.485e-08,8.74e-08,8.905e-08,9.288e-08],"name":"hirola x1.5","type":"scatter","mode":"markers+lines","marker":{"size":4},"line":{"shape":"spline"}},{"x":[1,1,1,1,1,2,2,2,2,2,3,3,3,5,5,7,10,13,19,26,37,51,71,100,138,193,268,372,517,719,1000,1389,1930,2682,3727,5179,7196,10000,13894,19306,26826,37275,51794,71968,100000,138949,193069,268269,372759,517947,719685,1000000,1389495,1930697,2682695,3727593,5179474,7196856,10000000],"y":[1.992e-05,2.18e-05,2.011e-05,1.987e-05,1.951e-05,1.192e-05,1.058e-05,1.015e-05,9.979e-06,9.847e-06,9.52e-06,6.733e-06,6.221e-06,6.235e-06,4.498e-06,4.115e-06,2.365e-06,2.173e-06,1.354e-06,8.653e-07,5.854e-07,5.52e-07,3.658e-07,2.996e-07,1.777e-07,1.647e-07,1.134e-07,9.027e-08,6.325e-08,5.345e-08,4.665e-08,3.965e-08,3.536e-08,2.847e-08,2.516e-08,2.408e-08,2.311e-08,2.885e-08,2.237e-08,2.189e-08,2.183e-08,2.153e-08,2.267e-08,2.292e-08,2.325e-08,2.447e-08,2.607e-08,3.009e-08,3.643e-08,4.511e-08,5.382e-08,5.735e-08,5.985e-08,6.18e-08,6.388e-08,6.494e-08,6.611e-08,6.658e-08,7.24e-08],"name":"hirola x2.5","type":"scatter","mode":"markers+lines","marker":{"size":4},"line":{"shape":"spline"}},{"x":[1,1,1,1,1,2,2,2,2,2,3,3,3,5,5,7,10,13,19,26,37,51,71,100,138,193,268,372,517,719,1000,1389,1930,2682,3727,5179,7196,10000,13894,19306,26826,37275,51794,71968,100000,138949,193069,268269,372759,517947,719685,1000000,1389495,1930697,2682695,3727593,5179474,7196856,10000000],"y":[2.057e-05,1.992e-05,2.418e-05,1.922e-05,1.912e-05,1.635e-05,1.076e-05,1.161e-05,1.004e-05,9.593e-06,9.864e-06,6.48e-06,6.023e-06,5.37e-06,4.371e-06,4.542e-06,2.401e-06,2.305e-06,1.303e-06,8.507e-07,5.733e-07,4.8e-07,3.658e-07,3.239e-07,1.886e-07,1.576e-07,1.219e-07,8.138e-08,6.587e-08,6.876e-08,4.224e-08,3.959e-08,3.179e-08,3.24e-08,2.545e-08,3.454e-08,2.905e-08,2.975e-08,2.709e-08,2.812e-08,2.931e-08,3.297e-08,3.114e-08,2.703e-08,2.832e-08,2.775e-08,4.518e-08,4.174e-08,4.664e-08,5.199e-08,5.417e-08,5.449e-08,5.607e-08,5.701e-08,5.838e-08,5.832e-08,5.933e-08,6.504e-08,8.654e-08],"name":"hirola x5","type":"scatter","mode":"markers+lines","marker":{"size":4},"line":{"shape":"spline"}},{"x":[1,1,1,1,1,2,2,2,2,2,3,3,3,5,5,7,10,13,19,26,37,51,71,100,138,193,268,372,517,719,1000,1389,1930,2682,3727,5179,7196,10000,13894,19306,26826,37275,51794,71968,100000,138949,193069,268269,372759,517947,719685,1000000,1389495,1930697,2682695,3727593,5179474,7196856],"y":[1.112e-06,1.073e-06,1.105e-06,1.173e-06,1.08e-06,1.088e-06,7.15e-07,5.755e-07,5.45e-07,5.365e-07,6.283e-07,4.537e-07,3.593e-07,5.164e-07,3.382e-07,3.684e-07,2.725e-07,2.1e-07,1.822e-07,1.388e-07,1.046e-07,9.263e-08,7.914e-08,6.954e-08,6.11e-08,5.737e-08,5.182e-08,6.394e-08,5.623e-08,4.994e-08,4.65e-08,8.249e-08,7.855e-08,4.468e-08,4.332e-08,7.472e-08,5.419e-08,5.132e-08,4.514e-08,4.326e-08,5.893e-08,6.315e-08,6.534e-08,4.833e-08,6.099e-08,5.926e-08,7.668e-08,7.387e-08,8.885e-08,8.774e-08,1.085e-07,1.085e-07,1.294e-07,1.288e-07,1.483e-07,1.443e-07,1.623e-07,1.554e-07],"name":"set()","type":"scatter","mode":"markers+lines","marker":{"size":4},"line":{"shape":"spline"}},{"x":[1,1,1,1,1,2,2,2,2,2,3,3,3,5,5,7,10,13,19,26,37,51,71,100,138,193,268,372,517,719,1000,1389,1930,2682,3727,5179,7196,10000,13894,19306,26826,37275,51794,71968,100000,138949,193069,268269,372759,517947,719685,1000000,1389495,1930697,2682695,3727593,5179474,7196856,10000000],"y":[7.267e-06,7e-06,7.166e-06,7.269e-06,6.908e-06,1.326e-05,4.808e-06,3.695e-06,3.484e-06,3.385e-06,6.398e-06,2.706e-06,2.198e-06,3.357e-06,1.738e-06,2.373e-06,1.539e-06,1.179e-06,1.387e-06,6.646e-07,4.66e-07,3.385e-07,2.325e-07,1.717e-07,1.603e-07,9.876e-08,7.741e-08,5.202e-08,7.798e-08,3.508e-08,3.836e-08,2.542e-08,4.109e-08,2.59e-08,2.208e-08,2.154e-08,1.928e-08,1.915e-08,1.753e-08,1.685e-08,1.696e-08,2.017e-08,1.961e-08,1.789e-08,1.933e-08,1.908e-08,1.963e-08,1.96e-08,2.207e-08,2.289e-08,2.325e-08,2.409e-08,2.666e-08,2.753e-08,2.946e-08,2.997e-08,3.101e-08,3.142e-08,3.813e-08],"name":"numpy.unique()","type":"scatter","mode":"markers+lines","marker":{"size":4},"line":{"shape":"spline"}},{"x":[1,1,1,1,1,2,2,2,2,2,3,3,3,5,5,7,10,13,19,26,37,51,71,100,138,193,268,372,517,719,1000,1389,1930,2682,3727,5179,7196,10000,13894,19306,26826,37275,51794,71968,100000,138949,193069,268269,372759,517947,719685,1000000,1389495,1930697,2682695,3727593,5179474],"y":[1.304e-05,1.282e-05,1.288e-05,1.303e-05,1.272e-05,1.513e-05,8.675e-06,7.038e-06,6.569e-06,6.54e-06,7.541e-06,4.49e-06,3.893e-06,6.404e-06,3.159e-06,3.737e-06,2.213e-06,1.712e-06,1.131e-06,8.605e-07,5.562e-07,5.864e-07,3.563e-07,2.548e-07,1.947e-07,1.743e-07,1.392e-07,1.028e-07,1.026e-07,8.365e-08,7.932e-08,6.274e-08,8.094e-08,7.997e-08,6.498e-08,5.614e-08,5.832e-08,6.523e-08,7.435e-08,6.877e-08,6.873e-08,7.158e-08,7.722e-08,8.025e-08,8.592e-08,8.907e-08,9.079e-08,9.823e-08,1.158e-07,1.373e-07,1.651e-07,1.695e-07,1.901e-07,2.081e-07,2.219e-07,2.369e-07,2.997e-07],"name":"numpy.unique(return_indices=True)","type":"scatter","mode":"markers+lines","marker":{"size":4},"line":{"shape":"spline"}},{"x":[1,1,1,1,1,2,2,2,2,2,3,3,3,5,5,7,10,13,19,26,37,51,71,100,138,193,268,372,517,719,1000,1389,1930,2682,3727,5179,7196,10000,13894,19306,26826,37275,51794,71968,100000,138949,193069,268269,372759,517947,719685,1000000,1389495,1930697,2682695,3727593],"y":[3.35e-05,2.788e-05,2.637e-05,2.625e-05,2.539e-05,3.225e-05,1.869e-05,1.568e-05,1.464e-05,1.412e-05,1.598e-05,9.821e-06,1.304e-05,9.964e-06,6.549e-06,6.204e-06,4.214e-06,3.226e-06,2.255e-06,1.676e-06,1.102e-06,9.641e-07,6.973e-07,4.747e-07,3.552e-07,3.216e-07,2.559e-07,1.95e-07,1.907e-07,1.691e-07,1.586e-07,1.378e-07,1.454e-07,1.302e-07,1.393e-07,1.308e-07,1.371e-07,1.501e-07,1.429e-07,1.494e-07,1.503e-07,1.562e-07,1.609e-07,1.675e-07,1.74e-07,1.794e-07,1.866e-07,1.918e-07,2.022e-07,2.193e-07,2.725e-07,2.623e-07,2.764e-07,2.958e-07,3.134e-07,3.309e-07],"name":"numpy_indexed.unique()","type":"scatter","mode":"markers+lines","marker":{"size":4},"line":{"shape":"spline"}},{"x":[1,1,1,1,1,2,2,2,2,2,3,3,3,5,5,7,10,13,19,26,37,51,71,100,138,193,268,372,517,719,1000,1389,1930,2682,3727,5179,7196,10000,13894,19306,26826,37275,51794,71968,100000,138949,193069,268269,372759,517947,719685,1000000,1389495,1930697],"y":[0.0001803,0.0001129,0.0001083,9.888e-05,9.667e-05,8.877e-05,6.895e-05,5.41e-05,4.926e-05,4.768e-05,5.276e-05,3.933e-05,3.673e-05,3.368e-05,3.016e-05,1.922e-05,1.398e-05,1.04e-05,7.618e-06,4.794e-06,3.472e-06,3.134e-06,2.285e-06,1.546e-06,1.325e-06,1.054e-06,8.384e-07,6.601e-07,5.742e-07,4.707e-07,4.633e-07,4.551e-07,4.679e-07,3.754e-07,3.648e-07,3.691e-07,3.88e-07,3.681e-07,3.699e-07,3.831e-07,3.779e-07,3.752e-07,3.81e-07,3.923e-07,4.299e-07,4.341e-07,4.841e-07,4.996e-07,5.681e-07,5.494e-07,6.378e-07,6.126e-07,7.094e-07,9.467e-07],"name":"pandas.Categorical()","type":"scatter","mode":"markers+lines","marker":{"size":4},"line":{"shape":"spline"}}], {"xaxis":{"title":{"text":"Number of keys"},"type":"log"},"yaxis":{"title":{"text":"Time per key (seconds)"},"type":"log"},"height":600});
    </script>

textual
---------------

Short (up to 20 character) non-random strings from a `common passwords database <https://github.com/kkrypt0nn/wordlists/raw/1ca65fea80381e2caf9031e02c0602da6b48e936/wordlists/passwords/bt4_passwords.txt>`_.

.. raw:: html

    <style>
        .wy-nav-content {
            max-width: unset;
        }
    </style>
    <div id="689fb8f8150711f187379843faef6712"></div>
    <script type="text/javascript">
        Plotly.newPlot(document.getElementById('689fb8f8150711f187379843faef6712'), [{"x":[1,1,1,1,1,2,2,2,2,2,3,3,3,5,5,7,10,13,19,26,37,51,71,100,138,193,268,372,517,719,1000,1389,1930,2682,3727,5179,7196,10000,13894,19306,26826,37275,51794,71968,100000,138949,193069,268269,372759,517947,719685,1000000],"y":[5.664e-05,5.464e-05,6.152e-05,5.548e-05,5.954e-05,4.88e-05,3.036e-05,2.217e-05,3.138e-05,3.028e-05,2.596e-05,1.867e-05,1.676e-05,7.87e-06,7.241e-06,5.344e-06,3.009e-06,2.319e-06,1.87e-06,1.318e-06,9.917e-07,6.955e-07,7.57e-07,4.845e-07,3.378e-07,2.267e-07,1.584e-07,1.346e-07,1.214e-07,8.193e-08,7.201e-08,6.319e-08,7.744e-08,7.316e-08,5.602e-08,4.708e-08,4.66e-08,4.778e-08,5.273e-08,5.477e-08,5.145e-08,5.326e-08,7.004e-08,8.289e-08,7.393e-08,7.873e-08,8.425e-08,9.125e-08,9.825e-08,1.034e-07,1.126e-07,1.25e-07],"name":"hirola x1.25","type":"scatter","mode":"markers+lines","marker":{"size":4},"line":{"shape":"spline"}},{"x":[1,1,1,1,1,2,2,2,2,2,3,3,3,5,5,7,10,13,19,26,37,51,71,100,138,193,268,372,517,719,1000,1389,1930,2682,3727,5179,7196,10000,13894,19306,26826,37275,51794,71968,100000,138949,193069,268269,372759,517947,719685,1000000],"y":[5.482e-05,5.501e-05,5.612e-05,5.557e-05,5.606e-05,1.81e-05,1.718e-05,9.883e-06,9.146e-06,8.649e-06,1.101e-05,8.09e-06,6.949e-06,4.386e-06,3.727e-06,3.237e-06,2.235e-06,1.704e-06,1.31e-06,9.181e-07,6.279e-07,5.362e-07,4.491e-07,2.775e-07,2.06e-07,1.938e-07,1.229e-07,1.208e-07,1.099e-07,8.259e-08,7.018e-08,7.488e-08,6.069e-08,5.082e-08,4.427e-08,4.195e-08,3.982e-08,4.018e-08,5.14e-08,4.666e-08,4.037e-08,3.96e-08,4.903e-08,4.952e-08,4.671e-08,5.191e-08,5.723e-08,6.618e-08,7.642e-08,8.59e-08,9.605e-08,1.061e-07],"name":"hirola x1.5","type":"scatter","mode":"markers+lines","marker":{"size":4},"line":{"shape":"spline"}},{"x":[1,1,1,1,1,2,2,2,2,2,3,3,3,5,5,7,10,13,19,26,37,51,71,100,138,193,268,372,517,719,1000,1389,1930,2682,3727,5179,7196,10000,13894,19306,26826,37275,51794,71968,100000,138949,193069,268269,372759,517947,719685,1000000],"y":[1.934e-05,2.222e-05,1.977e-05,1.934e-05,1.905e-05,1.093e-05,9.266e-06,9.016e-06,8.72e-06,1.124e-05,8.523e-06,6.86e-06,6.484e-06,4.532e-06,3.781e-06,3.475e-06,2.949e-06,2.522e-06,2.133e-06,8.384e-07,9.097e-07,7.191e-07,3.764e-07,2.393e-07,1.893e-07,1.8e-07,1.495e-07,9.891e-08,7.973e-08,6.424e-08,5.473e-08,4.898e-08,6.244e-08,5.278e-08,5.186e-08,4.119e-08,4.984e-08,3.942e-08,4.615e-08,4.274e-08,3.924e-08,3.829e-08,4.104e-08,4.466e-08,4.379e-08,4.819e-08,5.744e-08,6.924e-08,7.423e-08,8.093e-08,8.733e-08,9.117e-08],"name":"hirola x2.5","type":"scatter","mode":"markers+lines","marker":{"size":4},"line":{"shape":"spline"}},{"x":[1,1,1,1,1,2,2,2,2,2,3,3,3,5,5,7,10,13,19,26,37,51,71,100,138,193,268,372,517,719,1000,1389,1930,2682,3727,5179,7196,10000,13894,19306,26826,37275,51794,71968,100000,138949,193069,268269,372759,517947,719685,1000000],"y":[1.87e-05,3.16e-05,2.983e-05,2.794e-05,1.786e-05,1.383e-05,9.836e-06,1.041e-05,8.888e-06,8.655e-06,8.167e-06,6.762e-06,6.52e-06,4.282e-06,3.658e-06,4.967e-06,2.377e-06,2.089e-06,1.386e-06,1.124e-06,6.551e-07,5.526e-07,3.87e-07,2.41e-07,1.83e-07,1.443e-07,1.149e-07,8.726e-08,8.383e-08,7.395e-08,8.925e-08,7.738e-08,7.986e-08,7.07e-08,5.402e-08,5.141e-08,6.952e-08,5.668e-08,5.299e-08,5.214e-08,3.954e-08,4.028e-08,3.692e-08,5.321e-08,5.031e-08,5.746e-08,6.907e-08,7.374e-08,7.71e-08,8.131e-08,8.62e-08,8.852e-08],"name":"hirola x5","type":"scatter","mode":"markers+lines","marker":{"size":4},"line":{"shape":"spline"}},{"x":[1,1,1,1,1,2,2,2,2,2,3,3,3,5,5,7,10,13,19,26,37,51,71,100,138,193,268,372,517,719,1000,1389,1930,2682,3727,5179,7196,10000,13894,19306,26826,37275,51794,71968,100000,138949,193069,268269,372759,517947,719685,1000000],"y":[9.81e-07,9.93e-07,9.66e-07,1.069e-06,9.59e-07,1.073e-06,6.655e-07,5.275e-07,5.045e-07,4.915e-07,7.04e-07,4.747e-07,4.063e-07,4.912e-07,2.86e-07,3.22e-07,2.527e-07,2.055e-07,1.78e-07,1.424e-07,1.059e-07,1.02e-07,9.23e-08,8.378e-08,7.045e-08,6.521e-08,5.978e-08,6.577e-08,6.135e-08,5.872e-08,5.688e-08,6.421e-08,5.854e-08,5.557e-08,5.215e-08,7.677e-08,7.641e-08,5.764e-08,5.957e-08,5.624e-08,6.856e-08,6.323e-08,6.098e-08,6.217e-08,1.161e-07,7.355e-08,9.103e-08,8.775e-08,1.095e-07,1.045e-07,1.238e-07,1.243e-07],"name":"set()","type":"scatter","mode":"markers+lines","marker":{"size":4},"line":{"shape":"spline"}},{"x":[1,1,1,1,1,2,2,2,2,2,3,3,3,5,5,7,10,13,19,26,37,51,71,100,138,193,268,372,517,719,1000,1389,1930,2682,3727,5179,7196,10000,13894,19306,26826,37275,51794,71968,100000,138949,193069,268269,372759,517947,719685,1000000],"y":[8.289e-06,7.723e-06,8.084e-06,8.566e-06,8.824e-06,1.05e-05,3.349e-06,2.674e-06,3.442e-06,2.656e-06,6.236e-06,2.431e-06,1.928e-06,2.506e-06,1.24e-06,1.836e-06,1.163e-06,9.152e-07,6.629e-07,5.117e-07,3.564e-07,3.224e-07,2.555e-07,1.78e-07,1.423e-07,1.272e-07,1.145e-07,1.162e-07,9.629e-08,1.005e-07,1.025e-07,9.549e-08,9.819e-08,1.007e-07,9.881e-08,1.028e-07,1.16e-07,1.119e-07,1.191e-07,1.317e-07,1.457e-07,1.465e-07,1.376e-07,1.416e-07,1.468e-07,1.52e-07,1.604e-07,1.616e-07,1.722e-07,1.806e-07,1.855e-07,1.968e-07],"name":"numpy.unique()","type":"scatter","mode":"markers+lines","marker":{"size":4},"line":{"shape":"spline"}},{"x":[1,1,1,1,1,2,2,2,2,2,3,3,3,5,5,7,10,13,19,26,37,51,71,100,138,193,268,372,517,719,1000,1389,1930,2682,3727,5179,7196,10000,13894,19306,26826,37275,51794,71968,100000,138949,193069,268269,372759,517947,719685,1000000],"y":[1.888e-05,1.287e-05,1.483e-05,1.698e-05,1.769e-05,1.491e-05,7.878e-06,6.116e-06,5.608e-06,5.558e-06,7.42e-06,4.504e-06,3.865e-06,4.774e-06,2.413e-06,2.694e-06,1.775e-06,1.406e-06,1.109e-06,8.343e-07,5.268e-07,5.799e-07,3.536e-07,2.438e-07,1.918e-07,1.62e-07,1.37e-07,1.373e-07,1.148e-07,1.075e-07,1.131e-07,1.277e-07,1.275e-07,1.182e-07,1.167e-07,1.217e-07,1.599e-07,1.316e-07,1.427e-07,1.455e-07,1.607e-07,1.656e-07,1.718e-07,1.789e-07,1.886e-07,2.074e-07,2.182e-07,2.353e-07,2.409e-07,2.516e-07,2.642e-07,2.785e-07],"name":"numpy.unique(return_indices=True)","type":"scatter","mode":"markers+lines","marker":{"size":4},"line":{"shape":"spline"}},{"x":[1,1,1,1,1,2,2,2,2,2,3,3,3,5,5,7,10,13,19,26,37,51,71,100,138,193,268,372,517,719,1000,1389,1930,2682,3727,5179,7196,10000,13894,19306,26826,37275,51794,71968,100000,138949,193069,268269,372759,517947,719685,1000000],"y":[8.235e-06,7.749e-06,7.76e-06,7.954e-06,7.821e-06,1.158e-05,5.726e-06,4.582e-06,4.371e-06,4.227e-06,6.373e-06,3.696e-06,3.194e-06,2.907e-06,1.837e-06,2.012e-06,1.473e-06,1.09e-06,7.546e-07,5.748e-07,4.005e-07,3.705e-07,2.794e-07,1.959e-07,1.56e-07,1.333e-07,1.171e-07,1.081e-07,1.08e-07,1.002e-07,9.685e-08,1.199e-07,1.183e-07,1.177e-07,1.048e-07,1.074e-07,1.185e-07,1.177e-07,1.258e-07,1.294e-07,1.436e-07,1.435e-07,1.479e-07,1.551e-07,1.614e-07,1.66e-07,1.697e-07,1.91e-07,1.953e-07,1.94e-07,1.999e-07,2.117e-07],"name":"numpy_indexed.unique()","type":"scatter","mode":"markers+lines","marker":{"size":4},"line":{"shape":"spline"}},{"x":[1,1,1,1,1,2,2,2,2,2,3,3,3,5,5,7,10,13,19,26,37,51,71,100,138,193,268,372,517,719,1000,1389,1930,2682,3727,5179,7196,10000,13894,19306,26826,37275,51794,71968,100000,138949,193069,268269,372759,517947,719685,1000000],"y":[0.0001016,0.0001052,9.532e-05,9.516e-05,9.348e-05,0.0001236,6.058e-05,5.086e-05,5.685e-05,5.833e-05,5.005e-05,3.897e-05,4.468e-05,2.515e-05,2.059e-05,1.792e-05,1.217e-05,9.252e-06,7.108e-06,5.045e-06,3.622e-06,3.115e-06,2.281e-06,1.573e-06,1.28e-06,9.834e-07,7.984e-07,7.286e-07,6.528e-07,5.661e-07,4.703e-07,6.376e-07,4.603e-07,4.721e-07,3.894e-07,3.823e-07,4.202e-07,4.433e-07,4.311e-07,4.878e-07,4.451e-07,4.658e-07,4.888e-07,5.184e-07,5.769e-07,5.85e-07,6.556e-07,6.639e-07,7.461e-07,7.327e-07,8.491e-07,7.935e-07],"name":"pandas.Categorical()","type":"scatter","mode":"markers+lines","marker":{"size":4},"line":{"shape":"spline"}}], {"xaxis":{"title":{"text":"Number of keys"},"type":"log"},"yaxis":{"title":{"text":"Time per key (seconds)"},"type":"log"},"height":600});
    </script>

utf8
---------------

Like ``textual`` but using bytes instead of strings.

.. raw:: html

    <style>
        .wy-nav-content {
            max-width: unset;
        }
    </style>
    <div id="6c326ff6150711f1b3219843faef6712"></div>
    <script type="text/javascript">
        Plotly.newPlot(document.getElementById('6c326ff6150711f1b3219843faef6712'), [{"x":[1,1,1,1,1,2,2,2,2,2,3,3,3,5,5,7,10,13,19,26,37,51,71,100,138,193,268,372,517,719,1000,1389,1930,2682,3727,5179,7196,10000,13894,19306,26826,37275,51794,71968,100000,138949,193069,268269,372759,517947,719685,1000000],"y":[3.406e-05,3.247e-05,3.247e-05,3.3e-05,3.205e-05,5.005e-05,2.117e-05,1.799e-05,1.757e-05,1.692e-05,2.916e-05,1.717e-05,1.211e-05,7.185e-06,4.525e-06,4.982e-06,2.955e-06,2.223e-06,1.611e-06,1.243e-06,9.605e-07,6.325e-07,5.163e-07,3.518e-07,2.618e-07,2.026e-07,1.536e-07,1.097e-07,8.422e-08,7.497e-08,6.031e-08,5.024e-08,5.04e-08,4.695e-08,4.181e-08,4.086e-08,3.443e-08,3.451e-08,3.042e-08,3.452e-08,3.295e-08,3.134e-08,3.226e-08,3.458e-08,3.981e-08,4.119e-08,4.526e-08,4.644e-08,5.027e-08,6.063e-08,7.409e-08,8.224e-08],"name":"hirola x1.25","type":"scatter","mode":"markers+lines","marker":{"size":4},"line":{"shape":"spline"}},{"x":[1,1,1,1,1,2,2,2,2,2,3,3,3,5,5,7,10,13,19,26,37,51,71,100,138,193,268,372,517,719,1000,1389,1930,2682,3727,5179,7196,10000,13894,19306,26826,37275,51794,71968,100000,138949,193069,268269,372759,517947,719685,1000000],"y":[3.58e-05,3.455e-05,3.461e-05,3.098e-05,3.049e-05,1.286e-05,1.044e-05,9.514e-06,9.247e-06,9.416e-06,8.495e-06,6.907e-06,6.61e-06,4.548e-06,3.971e-06,3.476e-06,2.155e-06,1.666e-06,1.308e-06,1.046e-06,7.851e-07,4.556e-07,4.318e-07,2.608e-07,1.965e-07,1.441e-07,1.115e-07,8.773e-08,6.678e-08,5.946e-08,4.948e-08,4.248e-08,3.622e-08,3.693e-08,3.253e-08,2.839e-08,2.899e-08,2.774e-08,2.661e-08,2.614e-08,2.482e-08,2.621e-08,2.57e-08,3.194e-08,2.711e-08,2.748e-08,2.793e-08,2.995e-08,3.787e-08,4.546e-08,5.747e-08,6.44e-08],"name":"hirola x1.5","type":"scatter","mode":"markers+lines","marker":{"size":4},"line":{"shape":"spline"}},{"x":[1,1,1,1,1,2,2,2,2,2,3,3,3,5,5,7,10,13,19,26,37,51,71,100,138,193,268,372,517,719,1000,1389,1930,2682,3727,5179,7196,10000,13894,19306,26826,37275,51794,71968,100000,138949,193069,268269,372759,517947,719685,1000000],"y":[1.853e-05,2.064e-05,1.946e-05,1.868e-05,1.847e-05,1.113e-05,9.729e-06,9.378e-06,9.2e-06,9.022e-06,7.416e-06,6.721e-06,6.204e-06,5.961e-06,4.216e-06,3.805e-06,2.056e-06,1.933e-06,1.282e-06,9.362e-07,6.247e-07,4.186e-07,3.582e-07,2.477e-07,1.885e-07,1.428e-07,1.118e-07,7.663e-08,6.535e-08,5.255e-08,4.325e-08,3.541e-08,2.923e-08,2.95e-08,2.529e-08,2.585e-08,2.53e-08,2.185e-08,2.334e-08,2.203e-08,2.26e-08,2.07e-08,2.306e-08,2.239e-08,2.345e-08,2.386e-08,2.539e-08,2.867e-08,3.415e-08,4.438e-08,5.501e-08,5.446e-08],"name":"hirola x2.5","type":"scatter","mode":"markers+lines","marker":{"size":4},"line":{"shape":"spline"}},{"x":[1,1,1,1,1,2,2,2,2,2,3,3,3,5,5,7,10,13,19,26,37,51,71,100,138,193,268,372,517,719,1000,1389,1930,2682,3727,5179,7196,10000,13894,19306,26826,37275,51794,71968,100000,138949,193069,268269,372759,517947,719685,1000000],"y":[1.773e-05,1.764e-05,1.827e-05,1.868e-05,1.828e-05,1.381e-05,1.03e-05,1.093e-05,9.551e-06,9.144e-06,1.055e-05,6.87e-06,6.212e-06,7.177e-06,4.038e-06,4.189e-06,2.336e-06,1.938e-06,1.221e-06,7.907e-07,5.621e-07,4.642e-07,3.511e-07,2.496e-07,1.813e-07,1.34e-07,1.022e-07,7.248e-08,6.054e-08,4.941e-08,3.966e-08,3.298e-08,2.615e-08,2.798e-08,2.483e-08,2.945e-08,2.697e-08,3.087e-08,2.479e-08,2.486e-08,2.426e-08,2.478e-08,2.581e-08,2.487e-08,2.502e-08,2.387e-08,2.712e-08,3.737e-08,4.325e-08,4.837e-08,5.311e-08,5.279e-08],"name":"hirola x5","type":"scatter","mode":"markers+lines","marker":{"size":4},"line":{"shape":"spline"}},{"x":[1,1,1,1,1,2,2,2,2,2,3,3,3,5,5,7,10,13,19,26,37,51,71,100,138,193,268,372,517,719,1000,1389,1930,2682,3727,5179,7196,10000,13894,19306,26826,37275,51794,71968,100000,138949,193069,268269,372759,517947,719685,1000000],"y":[1.083e-06,1.069e-06,1.066e-06,1.16e-06,1.08e-06,1.184e-06,7.695e-07,5.75e-07,5.48e-07,5.39e-07,7.483e-07,5e-07,4.06e-07,5.406e-07,3.698e-07,3.541e-07,2.325e-07,1.852e-07,1.832e-07,1.268e-07,9.786e-08,8.69e-08,7.528e-08,6.835e-08,5.709e-08,5.025e-08,5.075e-08,5.639e-08,5.293e-08,4.741e-08,4.419e-08,5.687e-08,4.645e-08,4.568e-08,4.233e-08,8.234e-08,6.058e-08,4.662e-08,4.248e-08,4.128e-08,6.887e-08,5.094e-08,4.667e-08,4.552e-08,6.365e-08,5.85e-08,8.102e-08,7.378e-08,9.086e-08,8.793e-08,1.089e-07,1.079e-07],"name":"set()","type":"scatter","mode":"markers+lines","marker":{"size":4},"line":{"shape":"spline"}},{"x":[1,1,1,1,1,2,2,2,2,2,3,3,3,5,5,7,10,13,19,26,37,51,71,100,138,193,268,372,517,719,1000,1389,1930,2682,3727,5179,7196,10000,13894,19306,26826,37275,51794,71968,100000,138949,193069,268269,372759,517947,719685,1000000],"y":[4.942e-06,4.708e-06,4.712e-06,5.011e-06,4.699e-06,1.098e-05,3.636e-06,2.755e-06,2.603e-06,2.633e-06,5.166e-06,2.261e-06,1.849e-06,2.665e-06,1.312e-06,1.971e-06,1.076e-06,9.323e-07,6.813e-07,4.446e-07,3.315e-07,2.801e-07,2.334e-07,1.61e-07,1.438e-07,1.149e-07,1.16e-07,9.607e-08,9.515e-08,9.399e-08,9.596e-08,9.421e-08,8.658e-08,9.715e-08,9.933e-08,9.796e-08,1.009e-07,1.113e-07,1.089e-07,1.146e-07,1.166e-07,1.23e-07,1.243e-07,1.274e-07,1.313e-07,1.33e-07,1.359e-07,1.41e-07,1.438e-07,1.493e-07,1.545e-07,1.599e-07],"name":"numpy.unique()","type":"scatter","mode":"markers+lines","marker":{"size":4},"line":{"shape":"spline"}},{"x":[1,1,1,1,1,2,2,2,2,2,3,3,3,5,5,7,10,13,19,26,37,51,71,100,138,193,268,372,517,719,1000,1389,1930,2682,3727,5179,7196,10000,13894,19306,26826,37275,51794,71968,100000,138949,193069,268269,372759,517947,719685,1000000],"y":[9.824e-06,9.616e-06,9.924e-06,1.568e-05,1.08e-05,1.425e-05,7.283e-06,5.812e-06,5.329e-06,5.138e-06,7.604e-06,4.122e-06,3.76e-06,4.329e-06,2.56e-06,2.78e-06,1.695e-06,1.938e-06,1.023e-06,7.54e-07,4.899e-07,5.645e-07,3.332e-07,2.282e-07,1.858e-07,1.622e-07,1.39e-07,1.149e-07,1.148e-07,1.113e-07,1.105e-07,1.072e-07,9.742e-08,1.158e-07,1.186e-07,1.176e-07,1.135e-07,1.229e-07,1.247e-07,1.382e-07,1.378e-07,1.41e-07,1.468e-07,1.477e-07,1.563e-07,1.625e-07,1.705e-07,1.763e-07,1.844e-07,2.024e-07,2.137e-07,2.242e-07],"name":"numpy.unique(return_indices=True)","type":"scatter","mode":"markers+lines","marker":{"size":4},"line":{"shape":"spline"}},{"x":[1,1,1,1,1,2,2,2,2,2,3,3,3,5,5,7,10,13,19,26,37,51,71,100,138,193,268,372,517,719,1000,1389,1930,2682,3727,5179,7196,10000,13894,19306,26826,37275,51794,71968,100000,138949,193069,268269,372759,517947,719685,1000000],"y":[7.64e-06,7.452e-06,7.351e-06,7.556e-06,7.362e-06,9.883e-06,5.517e-06,4.541e-06,4.157e-06,4.157e-06,9.354e-06,3.466e-06,3.191e-06,3.17e-06,1.961e-06,1.952e-06,1.348e-06,1.025e-06,7.893e-07,5.303e-07,3.729e-07,3.444e-07,2.656e-07,1.807e-07,1.453e-07,1.235e-07,1.159e-07,9.888e-08,9.731e-08,9.931e-08,1.011e-07,9.01e-08,9.252e-08,9.667e-08,1.031e-07,1.017e-07,1.026e-07,1.1e-07,1.127e-07,1.213e-07,1.232e-07,1.282e-07,1.256e-07,1.291e-07,1.331e-07,1.374e-07,1.425e-07,1.477e-07,1.513e-07,1.555e-07,1.77e-07,1.72e-07],"name":"numpy_indexed.unique()","type":"scatter","mode":"markers+lines","marker":{"size":4},"line":{"shape":"spline"}},{"x":[1,1,1,1,1,2,2,2,2,2,3,3,3,5,5,7,10,13,19,26,37,51,71,100,138,193,268,372,517,719,1000,1389,1930,2682,3727,5179,7196,10000,13894,19306,26826,37275,51794,71968,100000,138949,193069,268269,372759,517947,719685,1000000],"y":[0.0001098,0.0001047,0.0001012,0.0001034,0.0001023,8.557e-05,7.045e-05,5.93e-05,5.172e-05,4.932e-05,5.441e-05,3.723e-05,3.336e-05,2.856e-05,2.553e-05,1.723e-05,1.206e-05,9.327e-06,7.229e-06,4.814e-06,3.388e-06,2.961e-06,2.261e-06,1.48e-06,1.25e-06,9.697e-07,8.442e-07,6.486e-07,5.424e-07,5.241e-07,4.57e-07,4.804e-07,4.056e-07,4.177e-07,3.74e-07,3.546e-07,3.515e-07,4.015e-07,3.634e-07,3.919e-07,3.626e-07,3.69e-07,3.811e-07,3.949e-07,4.315e-07,4.429e-07,4.926e-07,4.984e-07,5.658e-07,5.497e-07,6.489e-07,6.115e-07],"name":"pandas.Categorical()","type":"scatter","mode":"markers+lines","marker":{"size":4},"line":{"shape":"spline"}}], {"xaxis":{"title":{"text":"Number of keys"},"type":"log"},"yaxis":{"title":{"text":"Time per key (seconds)"},"type":"log"},"height":600});
    </script>
